	id	videoID	duration	channel	label	proba	pers
0	555	E0oQt8mtYK4	407.274	UC1LG7YDL7OLD6VvdPAmyjiA	9	0.877710605124	0.336363218025
1	556	E0oQt8mtYK4	393.36	UC1LG7YDL7OLD6VvdPAmyjiA	10	0.915287902218	0.224430150127
5	558	TpwlVBgmrUc	370.871	UC1LG7YDL7OLD6VvdPAmyjiA	9	0.451450047646	0.336363218025
6	559	TpwlVBgmrUc	615.381	UC1LG7YDL7OLD6VvdPAmyjiA	10	1.0	0.224430150127
3	544	rAXYNd1CA9A	537.203	UC1LG7YDL7OLD6VvdPAmyjiA	10	0.928211562471	0.224430150127
4	545	rAXYNd1CA9A	559.492	UC1LG7YDL7OLD6VvdPAmyjiA	9	1.0	0.336363218025
7	560	yTM8ps35-24	544.677	UC1LG7YDL7OLD6VvdPAmyjiA	10	1.0	0.224430150127
8	561	yTM8ps35-24	598.531	UC1LG7YDL7OLD6VvdPAmyjiA	9	1.0	0.336363218025
41	414	5uGpMmE7jQY	318.668	UC2FfW6_YHXUSfsndM2R37cQ	8	1.0	0.128491401545
44	434	F76ntKET30k	446.153	UC2FfW6_YHXUSfsndM2R37cQ	39	1.0	0.0690561717418
45	435	F76ntKET30k	471.496	UC2FfW6_YHXUSfsndM2R37cQ	8	1.0	0.128491401545
46	417	V60JXBzi_Vc	480.942	UC2FfW6_YHXUSfsndM2R37cQ	8	0.88439921463	0.128491401545
42	415	cv22idODm9Y	239.773	UC2FfW6_YHXUSfsndM2R37cQ	41	1.0	0.107170154666
43	416	cv22idODm9Y	222.889	UC2FfW6_YHXUSfsndM2R37cQ	8	1.0	0.128491401545
9	103	-AJuqXp5YLQ	189.823	UC2bYhAHyaqfWlPXWBVk4BcA	40	1.0	0.195476668331
11	80	-sOb5xtyfBI	261.294	UC2bYhAHyaqfWlPXWBVk4BcA	40	1.0	0.195476668331
12	105	1Bz2BnK3Lio	87.2205	UC2bYhAHyaqfWlPXWBVk4BcA	40	1.0	0.195476668331
13	108	3wDlEQ6wcPs	196.697	UC2bYhAHyaqfWlPXWBVk4BcA	40	1.0	0.195476668331
15	121	9fTVHcXrdK0	127.995	UC2bYhAHyaqfWlPXWBVk4BcA	40	1.0	0.195476668331
18	115	BiUF8qQrXMA	145.345	UC2bYhAHyaqfWlPXWBVk4BcA	40	1.0	0.195476668331
19	114	CmM5nUMA_SA	167.968	UC2bYhAHyaqfWlPXWBVk4BcA	40	1.0	0.195476668331
20	116	CqugMysYaIM	204.071	UC2bYhAHyaqfWlPXWBVk4BcA	40	0.73142956268	0.195476668331
28	125	EJh2HxD2YYg	121.021	UC2bYhAHyaqfWlPXWBVk4BcA	40	1.0	0.195476668331
36	130	MrjF_C7lWKM	225.859	UC2bYhAHyaqfWlPXWBVk4BcA	40	1.0	0.195476668331
17	113	aqIOxteRj6c	322.789	UC2bYhAHyaqfWlPXWBVk4BcA	40	1.0	0.195476668331
21	117	ctv97Mj5iaI	87.4207	UC2bYhAHyaqfWlPXWBVk4BcA	40	1.0	0.195476668331
22	118	ctv97Mj5iaI	101.635	UC2bYhAHyaqfWlPXWBVk4BcA	40	0.715115364843	0.195476668331
24	127	d3g2tUCAEHQ	238.305	UC2bYhAHyaqfWlPXWBVk4BcA	40	1.0	0.195476668331
29	126	ht9BRzbz9j4	250.851	UC2bYhAHyaqfWlPXWBVk4BcA	40	1.0	0.195476668331
31	139	hzBk_Q1gA_g	161.728	UC2bYhAHyaqfWlPXWBVk4BcA	40	1.0	0.195476668331
34	146	mmX-F7I4NYA	265.298	UC2bYhAHyaqfWlPXWBVk4BcA	40	1.0	0.195476668331
37	134	pUOiGPTZMhQ	204.504	UC2bYhAHyaqfWlPXWBVk4BcA	40	1.0	0.195476668331
39	151	t08qE40UByc	338.071	UC2bYhAHyaqfWlPXWBVk4BcA	40	1.0	0.195476668331
40	147	yIa7B8UF384	113.413	UC2bYhAHyaqfWlPXWBVk4BcA	40	1.0	0.195476668331
48	263	1EUt85Apcbg	28.2525	UC45zwHCRNT5jA8sC5DUW7oQ	39	1.0	0.0690561717418
50	310	1WEosoTt-7s	400.248	UC45zwHCRNT5jA8sC5DUW7oQ	39	1.0	0.0690561717418
52	299	6aDheKJXEZw	79.2651	UC45zwHCRNT5jA8sC5DUW7oQ	39	1.0	0.0690561717418
53	300	6aDheKJXEZw	15.7995	UC45zwHCRNT5jA8sC5DUW7oQ	39	1.0	0.0690561717418
57	292	GDFa5kL9ng8	228.272	UC45zwHCRNT5jA8sC5DUW7oQ	39	1.0	0.0690561717418
61	328	HuX4szgyXlI	262.679	UC45zwHCRNT5jA8sC5DUW7oQ	41	1.0	0.107170154666
62	329	HuX4szgyXlI	221.644	UC45zwHCRNT5jA8sC5DUW7oQ	39	0.890665929849	0.0690561717418
64	324	SIlvvCrso1s	238.506	UC45zwHCRNT5jA8sC5DUW7oQ	8	1.0	0.128491401545
65	325	SIlvvCrso1s	264.951	UC45zwHCRNT5jA8sC5DUW7oQ	39	1.0	0.0690561717418
68	319	ZdE96tb6hWg	265.274	UC45zwHCRNT5jA8sC5DUW7oQ	39	1.0	0.0690561717418
69	320	ZdE96tb6hWg	49.3394	UC45zwHCRNT5jA8sC5DUW7oQ	39	0.768488457173	0.0690561717418
54	289	bRIrLzMxYus	199.317	UC45zwHCRNT5jA8sC5DUW7oQ	39	1.0	0.0690561717418
55	290	bRIrLzMxYus	28.0817	UC45zwHCRNT5jA8sC5DUW7oQ	20	0.785316703304	0.169180248645
58	304	hLNnT2qQ8RU	270.227	UC45zwHCRNT5jA8sC5DUW7oQ	39	0.879995865015	0.0690561717418
63	306	pyRn9o-jC8s	287.547	UC45zwHCRNT5jA8sC5DUW7oQ	39	1.0	0.0690561717418
71	451	1BqvxnuhE_w	44.8448	UC70WKHZ1X9qIXWmNr0qHGmw	30	0.95065807705	0.117239693561
72	456	3wMRYYtqH2Q	69.6696	UC70WKHZ1X9qIXWmNr0qHGmw	30	1.0	0.117239693561
74	488	4qlNnrUdBfE	75.075	UC70WKHZ1X9qIXWmNr0qHGmw	29	0.728008011076	0.0801465401951
76	466	EkKhXt_MpWs	61.7283	UC70WKHZ1X9qIXWmNr0qHGmw	30	1.0	0.117239693561
79	473	GBCxYaCv_Xw	73.8738	UC70WKHZ1X9qIXWmNr0qHGmw	29	1.0	0.0801465401951
80	474	GBCxYaCv_Xw	11.1111	UC70WKHZ1X9qIXWmNr0qHGmw	68	1.0	0.25157562562
89	480	Otvxw9mT8n0	65.8324	UC70WKHZ1X9qIXWmNr0qHGmw	30	1.0	0.117239693561
90	481	Otvxw9mT8n0	22.1888	UC70WKHZ1X9qIXWmNr0qHGmw	37	1.0	0.0591195682962
94	487	Sbh1l-uKlzg	59.0256	UC70WKHZ1X9qIXWmNr0qHGmw	29	0.817580811549	0.0801465401951
95	493	TGQTGAxsT0Y	45.5121	UC70WKHZ1X9qIXWmNr0qHGmw	29	1.0	0.0801465401951
96	484	TO93lGyUsU8	53.7537	UC70WKHZ1X9qIXWmNr0qHGmw	30	1.0	0.117239693561
97	494	XCr2HPxyK7I	56.0894	UC70WKHZ1X9qIXWmNr0qHGmw	30	1.0	0.117239693561
98	495	YwWlHTB1Ya4	42.3423	UC70WKHZ1X9qIXWmNr0qHGmw	30	1.0	0.117239693561
99	498	Zec3Op2Vr_Q	47.681	UC70WKHZ1X9qIXWmNr0qHGmw	30	1.0	0.117239693561
81	477	gr-O-4bnqsk	38.1047	UC70WKHZ1X9qIXWmNr0qHGmw	29	0.790719990945	0.0801465401951
83	501	jUqrx5RUJX4	17.2172	UC70WKHZ1X9qIXWmNr0qHGmw	35	1.0	0.103102665599
84	502	jUqrx5RUJX4	230.297	UC70WKHZ1X9qIXWmNr0qHGmw	29	0.734576330078	0.0801465401951
85	503	jUqrx5RUJX4	14.2142	UC70WKHZ1X9qIXWmNr0qHGmw	47	1.0	0.0880331161509
88	506	jUqrx5RUJX4	28.395	UC70WKHZ1X9qIXWmNr0qHGmw	23	1.0	0.0644927922276
91	507	r5Bhgqxl4iM	414.481	UC70WKHZ1X9qIXWmNr0qHGmw	29	0.733534095632	0.0801465401951
101	13	2Ia8-ihCg-8	36.9035	UC7CEVQbvZ6-uy6TRH_c6scg	35	1.0	0.103102665599
102	14	2Ia8-ihCg-8	32.3657	UC7CEVQbvZ6-uy6TRH_c6scg	83	0.702520359049	0.115427181664
103	16	79Wql8OmL3o	40.2736	UC7CEVQbvZ6-uy6TRH_c6scg	35	1.0	0.103102665599
106	4	9wxF1UC1rWY	38.5051	UC7CEVQbvZ6-uy6TRH_c6scg	35	1.0	0.103102665599
125	29	CQtftDuEhy0	17.5509	UC7CEVQbvZ6-uy6TRH_c6scg	23	1.0	0.0644927922276
127	31	CQtftDuEhy0	63.7303	UC7CEVQbvZ6-uy6TRH_c6scg	47	1.0	0.0880331161509
128	32	CQtftDuEhy0	74.9082	UC7CEVQbvZ6-uy6TRH_c6scg	35	1.0	0.103102665599
129	33	CQtftDuEhy0	47.9479	UC7CEVQbvZ6-uy6TRH_c6scg	35	0.878699809129	0.103102665599
135	41	Iczb5exOpLs	273.54	UC7CEVQbvZ6-uy6TRH_c6scg	35	1.0	0.103102665599
136	42	Iczb5exOpLs	66.9002	UC7CEVQbvZ6-uy6TRH_c6scg	83	1.0	0.115427181664
140	26771	R877MkpxxUU	34.9349	UC7CEVQbvZ6-uy6TRH_c6scg	35	1.0	0.103102665599
141	26772	R877MkpxxUU	7.5075	UC7CEVQbvZ6-uy6TRH_c6scg	38	0.592105484885	0.364907201483
142	26773	R877MkpxxUU	0.633967	UC7CEVQbvZ6-uy6TRH_c6scg	68	0.545469021986	0.25157562562
143	26774	R877MkpxxUU	7.5075	UC7CEVQbvZ6-uy6TRH_c6scg	25	0.488836719444	0.370295756128
144	43	UFfFaSM2b8A	575.375	UC7CEVQbvZ6-uy6TRH_c6scg	35	1.0	0.103102665599
145	45	UFfFaSM2b8A	128.462	UC7CEVQbvZ6-uy6TRH_c6scg	83	1.0	0.115427181664
151	19	ZV0LbCU3QSQ	44.411	UC7CEVQbvZ6-uy6TRH_c6scg	35	1.0	0.103102665599
108	56	almp1Eo1LO0	576.409	UC7CEVQbvZ6-uy6TRH_c6scg	35	0.695191459215	0.103102665599
114	9	bsLG6JpGzWg	30.7974	UC7CEVQbvZ6-uy6TRH_c6scg	35	1.0	0.103102665599
117	1	cF4yvjbQgL0	0.6006	UC7CEVQbvZ6-uy6TRH_c6scg	12	1.0	0.0514461014328
118	2	cF4yvjbQgL0	29.3627	UC7CEVQbvZ6-uy6TRH_c6scg	35	0.988809911932	0.103102665599
130	15	d9EUOkCt1aU	44.411	UC7CEVQbvZ6-uy6TRH_c6scg	35	1.0	0.103102665599
131	22	e_lgoIriXf8	41.7751	UC7CEVQbvZ6-uy6TRH_c6scg	35	1.0	0.103102665599
133	21	g7iLJqafwzk	42.6426	UC7CEVQbvZ6-uy6TRH_c6scg	35	1.0	0.103102665599
134	12	gg33UczgsUI	39.1057	UC7CEVQbvZ6-uy6TRH_c6scg	35	1.0	0.103102665599
137	49	mX10Ifcg3tk	60.2602	UC7CEVQbvZ6-uy6TRH_c6scg	35	0.779908347181	0.103102665599
138	50	mX10Ifcg3tk	67.5675	UC7CEVQbvZ6-uy6TRH_c6scg	35	0.98908336068	0.103102665599
139	51	mX10Ifcg3tk	89.089	UC7CEVQbvZ6-uy6TRH_c6scg	35	0.889603367686	0.103102665599
146	26791	v5176SOv28M	53.7203	UC7CEVQbvZ6-uy6TRH_c6scg	35	1.0	0.103102665599
148	34	y9LqQMSZ0zU	48.1481	UC7CEVQbvZ6-uy6TRH_c6scg	35	1.0	0.103102665599
154	265	Af5jV9lZJAc	418.084	UC8aTvyjY38Qf5rS1xBOWI3w	64	1.0	0.215378271827
155	266	Af5jV9lZJAc	476.843	UC8aTvyjY38Qf5rS1xBOWI3w	43	1.0	0.199410240868
173	258	UIc8aK4WsN4	457.057	UC8aTvyjY38Qf5rS1xBOWI3w	42	1.0	0.119165494841
156	253	jcB_Q7uVr78	95.462	UC8aTvyjY38Qf5rS1xBOWI3w	42	1.0	0.119165494841
174	259	wpcfugXwWFQ	105.539	UC8aTvyjY38Qf5rS1xBOWI3w	64	0.695336013484	0.215378271827
176	261	wpcfugXwWFQ	221.755	UC8aTvyjY38Qf5rS1xBOWI3w	42	0.868388388919	0.119165494841
179	743	395DPCLQfQw	62.3623	UCB826yhc1dm8-MEX1x55yAQ	22	1.0	0.162624166288
181	771	5yZgm-IhG0A	43.6436	UCB826yhc1dm8-MEX1x55yAQ	22	1.0	0.162624166288
183	807	EOyfUb8ikoo	57.8912	UCB826yhc1dm8-MEX1x55yAQ	22	1.0	0.162624166288
186	812	FpxLIqmFWfY	103.403	UCB826yhc1dm8-MEX1x55yAQ	22	1.0	0.162624166288
191	833	PhEWVXntA4I	32.9996	UCB826yhc1dm8-MEX1x55yAQ	22	0.911667428723	0.162624166288
193	832	PxYHFVzfuS0	78.7787	UCB826yhc1dm8-MEX1x55yAQ	22	1.0	0.162624166288
198	848	QxrQ-GvV40c	86.7533	UCB826yhc1dm8-MEX1x55yAQ	22	0.923409981605	0.162624166288
204	841	YnGnGpqCVSQ	97.8978	UCB826yhc1dm8-MEX1x55yAQ	22	0.965822386072	0.162624166288
205	842	YnGnGpqCVSQ	11.6116	UCB826yhc1dm8-MEX1x55yAQ	69	1.0	0.335483358138
206	843	YnGnGpqCVSQ	10.644	UCB826yhc1dm8-MEX1x55yAQ	38	1.0	0.364907201483
207	844	YnGnGpqCVSQ	10.6773	UCB826yhc1dm8-MEX1x55yAQ	25	1.0	0.370295756128
208	845	YnGnGpqCVSQ	9.7097	UCB826yhc1dm8-MEX1x55yAQ	63	1.0	0.220964740607
209	846	YnGnGpqCVSQ	10.6773	UCB826yhc1dm8-MEX1x55yAQ	68	1.0	0.25157562562
210	847	YnGnGpqCVSQ	11.6116	UCB826yhc1dm8-MEX1x55yAQ	62	1.0	0.197488025759
182	808	dLtBXB6cn2I	112.446	UCB826yhc1dm8-MEX1x55yAQ	22	1.0	0.162624166288
188	809	hLWXWeqg4Ys	56.8234	UCB826yhc1dm8-MEX1x55yAQ	22	1.0	0.162624166288
189	831	iydBohK2SjM	57.4908	UCB826yhc1dm8-MEX1x55yAQ	22	1.0	0.162624166288
190	819	jaRwkLmGKsg	30.6306	UCB826yhc1dm8-MEX1x55yAQ	22	1.0	0.162624166288
194	850	q7KN_Fr8yrk	393.326	UCB826yhc1dm8-MEX1x55yAQ	22	0.961658273734	0.162624166288
196	835	qXArEttSkwU	101.935	UCB826yhc1dm8-MEX1x55yAQ	22	0.907874732743	0.162624166288
200	839	rRivD2UvdgQ	152.652	UCB826yhc1dm8-MEX1x55yAQ	22	1.0	0.162624166288
201	840	rRivD2UvdgQ	13.8805	UCB826yhc1dm8-MEX1x55yAQ	22	0.853048608498	0.162624166288
202	837	t3vFeKqOAyU	110.41	UCB826yhc1dm8-MEX1x55yAQ	22	1.0	0.162624166288
203	838	t3vFeKqOAyU	4.07073	UCB826yhc1dm8-MEX1x55yAQ	12	1.0	0.0514461014328
444	378	9pugTn8WhHw	331.097	UCEbv-pDOAaKEwfIAZw63JsQ	5	1.0	0.119541428241
446	497	A4uePrJ1bGk	4209.34	UCEbv-pDOAaKEwfIAZw63JsQ	5	0.86540160184	0.119541428241
447	386	C0WaAJTA2fc	482.215	UCEbv-pDOAaKEwfIAZw63JsQ	5	1.0	0.119541428241
451	385	Hi4e40e1-cg	368.969	UCEbv-pDOAaKEwfIAZw63JsQ	5	1.0	0.119541428241
452	374	PCGdBb8g87k	73.1064	UCEbv-pDOAaKEwfIAZw63JsQ	5	1.0	0.119541428241
454	398	Q4WWY0LpfRY	95.8624	UCEbv-pDOAaKEwfIAZw63JsQ	5	1.0	0.119541428241
455	399	Q4WWY0LpfRY	30.664	UCEbv-pDOAaKEwfIAZw63JsQ	36	1.0	0.294288561197
456	394	XrTHuXXx0hw	32.399	UCEbv-pDOAaKEwfIAZw63JsQ	36	1.0	0.294288561197
457	395	XrTHuXXx0hw	217.951	UCEbv-pDOAaKEwfIAZw63JsQ	5	1.0	0.119541428241
436	403	_AEdiP5JiZM	60.2602	UCEbv-pDOAaKEwfIAZw63JsQ	5	1.0	0.119541428241
449	396	dLRQJYJ7hIs	166.366	UCEbv-pDOAaKEwfIAZw63JsQ	5	1.0	0.119541428241
450	397	dLRQJYJ7hIs	167.367	UCEbv-pDOAaKEwfIAZw63JsQ	5	0.913999980811	0.119541428241
458	152	-INOYZ5liIM	62.6594	UCFN_n9FTABlwDsB1ncWUBMQ	26	1.0	0.11273421607
459	153	-INOYZ5liIM	51.4129	UCFN_n9FTABlwDsB1ncWUBMQ	26	1.0	0.11273421607
461	131	Fobcg-lzLiQ	21.5224	UCFN_n9FTABlwDsB1ncWUBMQ	26	0.978306101853	0.11273421607
462	132	Fobcg-lzLiQ	21.3885	UCFN_n9FTABlwDsB1ncWUBMQ	26	0.957222146603	0.11273421607
463	133	Fobcg-lzLiQ	11.7152	UCFN_n9FTABlwDsB1ncWUBMQ	26	0.937541124388	0.11273421607
464	203	HFnARO22HgM	324.262	UCFN_n9FTABlwDsB1ncWUBMQ	26	0.958601969518	0.11273421607
468	163	HkpqUeqRkQs	167.276	UCFN_n9FTABlwDsB1ncWUBMQ	26	1.0	0.11273421607
472	160	KW19GuAX9P8	31.2944	UCFN_n9FTABlwDsB1ncWUBMQ	26	1.0	0.11273421607
473	161	KW19GuAX9P8	30.6919	UCFN_n9FTABlwDsB1ncWUBMQ	26	1.0	0.11273421607
474	150	UmLtGlCHqJM	65.6784	UCFN_n9FTABlwDsB1ncWUBMQ	26	1.0	0.11273421607
475	166	YdJ9oDUipgk	8.66912	UCFN_n9FTABlwDsB1ncWUBMQ	26	1.0	0.11273421607
476	167	YdJ9oDUipgk	88.8668	UCFN_n9FTABlwDsB1ncWUBMQ	26	1.0	0.11273421607
477	168	YdJ9oDUipgk	8.70259	UCFN_n9FTABlwDsB1ncWUBMQ	26	0.976254837452	0.11273421607
460	145	cWa3a8DbJ0A	165.472	UCFN_n9FTABlwDsB1ncWUBMQ	26	1.0	0.11273421607
471	156	k0ndRUXNyDM	50.9825	UCFN_n9FTABlwDsB1ncWUBMQ	26	1.0	0.11273421607
478	516	-8w7uwhi9uw	128.929	UCFOEjz0jo07W8bpEHomEgHg	37	1.0	0.0591195682962
479	517	-8w7uwhi9uw	70.5371	UCFOEjz0jo07W8bpEHomEgHg	37	1.0	0.0591195682962
480	509	-GEdGdVnvH8	359.492	UCFOEjz0jo07W8bpEHomEgHg	37	1.0	0.0591195682962
481	510	-GEdGdVnvH8	88.5885	UCFOEjz0jo07W8bpEHomEgHg	37	1.0	0.0591195682962
482	526	5002Ic7nSe0	168.168	UCFOEjz0jo07W8bpEHomEgHg	37	1.0	0.0591195682962
485	512	667uThulND8	9.7097	UCFOEjz0jo07W8bpEHomEgHg	67	1.0	0.0872227198701
488	515	667uThulND8	199.566	UCFOEjz0jo07W8bpEHomEgHg	37	0.974338460951	0.0591195682962
496	532	B2BcUxh5SyU	23.5235	UCFOEjz0jo07W8bpEHomEgHg	37	0.76838560093	0.0591195682962
497	533	B2BcUxh5SyU	251.585	UCFOEjz0jo07W8bpEHomEgHg	37	1.0	0.0591195682962
500	538	KVGQQNQ97Qc	235.102	UCFOEjz0jo07W8bpEHomEgHg	37	1.0	0.0591195682962
502	546	NnUXSbPq6DU	360.227	UCFOEjz0jo07W8bpEHomEgHg	37	1.0	0.0591195682962
505	548	RJLpPDJDs4Q	9.54287	UCFOEjz0jo07W8bpEHomEgHg	37	0.842182453527	0.0591195682962
506	549	RJLpPDJDs4Q	37.2038	UCFOEjz0jo07W8bpEHomEgHg	37	0.925997937093	0.0591195682962
507	550	RJLpPDJDs4Q	247.581	UCFOEjz0jo07W8bpEHomEgHg	37	1.0	0.0591195682962
511	537	RyMZcq2PNPk	55.7557	UCFOEjz0jo07W8bpEHomEgHg	37	1.0	0.0591195682962
516	553	W2MJHkK7lcQ	47.1471	UCFOEjz0jo07W8bpEHomEgHg	37	0.990844376423	0.0591195682962
517	554	W2MJHkK7lcQ	165.365	UCFOEjz0jo07W8bpEHomEgHg	37	1.0	0.0591195682962
518	541	XY9IZKTs3vw	248.749	UCFOEjz0jo07W8bpEHomEgHg	37	1.0	0.0591195682962
489	520	aEI-szvexhU	341.975	UCFOEjz0jo07W8bpEHomEgHg	37	1.0	0.0591195682962
490	521	aEI-szvexhU	11.0777	UCFOEjz0jo07W8bpEHomEgHg	67	0.70807265508	0.0872227198701
498	518	earXfvWlHeE	288.121	UCFOEjz0jo07W8bpEHomEgHg	37	1.0	0.0591195682962
499	519	earXfvWlHeE	9.44277	UCFOEjz0jo07W8bpEHomEgHg	67	1.0	0.0872227198701
504	528	pW8yVWV51uU	278.478	UCFOEjz0jo07W8bpEHomEgHg	37	1.0	0.0591195682962
512	529	vmdVQZmsH3w	324.524	UCFOEjz0jo07W8bpEHomEgHg	37	1.0	0.0591195682962
582	363	2A05w8rYSVE	413.713	UCGzDZn8uoXFz0-HyipnaWnw	14	1.0	0.168859179632
584	360	BupEyfVxLRA	270.57	UCGzDZn8uoXFz0-HyipnaWnw	14	1.0	0.168859179632
585	339	D1g0501pm3o	105.872	UCGzDZn8uoXFz0-HyipnaWnw	14	0.733056089956	0.168859179632
588	361	ER2Idvi2Xc4	220.487	UCGzDZn8uoXFz0-HyipnaWnw	14	1.0	0.168859179632
587	364	Ec_yt6qVMQI	345.845	UCGzDZn8uoXFz0-HyipnaWnw	14	1.0	0.168859179632
594	353	RdbOMula7mM	24.5912	UCGzDZn8uoXFz0-HyipnaWnw	14	1.0	0.168859179632
598	366	UsCVUOaZvYs	226.693	UCGzDZn8uoXFz0-HyipnaWnw	14	1.0	0.168859179632
583	338	aKKxmZNB9JU	82.2488	UCGzDZn8uoXFz0-HyipnaWnw	14	1.0	0.168859179632
591	344	knr4rxblV_8	37.7377	UCGzDZn8uoXFz0-HyipnaWnw	14	1.0	0.168859179632
592	376	lUC84KypwD8	635.301	UCGzDZn8uoXFz0-HyipnaWnw	14	1.0	0.168859179632
596	373	svwRUYj2F8w	198.498	UCGzDZn8uoXFz0-HyipnaWnw	14	1.0	0.168859179632
787	287	98f54-WaGi0	836.135	UCW-NL7CT8lQcJz843AAwtZQ	41	1.0	0.107170154666
789	268	H_JRrIpB_pA	278.879	UCW-NL7CT8lQcJz843AAwtZQ	41	1.0	0.107170154666
791	279	JJjMymOQZWI	361.494	UCW-NL7CT8lQcJz843AAwtZQ	41	0.892682283701	0.107170154666
799	294	W6UnPNOW4zs	75.9092	UCW-NL7CT8lQcJz843AAwtZQ	8	1.0	0.128491401545
800	296	W6UnPNOW4zs	407.908	UCW-NL7CT8lQcJz843AAwtZQ	41	1.0	0.107170154666
803	308	Z9xT4Lw4YvQ	399.032	UCW-NL7CT8lQcJz843AAwtZQ	41	1.0	0.107170154666
804	309	Z9xT4Lw4YvQ	71.8051	UCW-NL7CT8lQcJz843AAwtZQ	39	1.0	0.0690561717418
783	293	_80emZkgKpI	278.845	UCW-NL7CT8lQcJz843AAwtZQ	20	1.0	0.169180248645
784	295	_80emZkgKpI	283.183	UCW-NL7CT8lQcJz843AAwtZQ	41	1.0	0.107170154666
785	298	_80emZkgKpI	228.495	UCW-NL7CT8lQcJz843AAwtZQ	39	1.0	0.0690561717418
793	301	nYAD1hA9EWk	400.7	UCW-NL7CT8lQcJz843AAwtZQ	20	1.0	0.169180248645
794	302	nYAD1hA9EWk	397.631	UCW-NL7CT8lQcJz843AAwtZQ	41	1.0	0.107170154666
795	303	nYAD1hA9EWk	61.2278	UCW-NL7CT8lQcJz843AAwtZQ	8	1.0	0.128491401545
797	284	rDUSnEokd5s	467.2	UCW-NL7CT8lQcJz843AAwtZQ	41	1.0	0.107170154666
211	691	1q2xNJlSNyk	100.334	UCbxeWUKWro8bMscsa36-BtA	46	1.0	0.0978571829727
212	692	1q2xNJlSNyk	16.7834	UCbxeWUKWro8bMscsa36-BtA	46	0.973016976731	0.0978571829727
215	700	2GeIU_QybFg	177.511	UCbxeWUKWro8bMscsa36-BtA	46	1.0	0.0978571829727
216	701	2GeIU_QybFg	22.2889	UCbxeWUKWro8bMscsa36-BtA	16	0.353021398092	0.175214202874
217	693	2xoxCVOZwas	466.666	UCbxeWUKWro8bMscsa36-BtA	46	1.0	0.0978571829727
223	694	8L9LD22budg	140.374	UCbxeWUKWro8bMscsa36-BtA	46	1.0	0.0978571829727
225	697	8ZVzpzTIUjs	235.769	UCbxeWUKWro8bMscsa36-BtA	46	1.0	0.0978571829727
227	711	B18Yur2bvkI	27.5942	UCbxeWUKWro8bMscsa36-BtA	2	1.0	0.231276874787
230	716	B18Yur2bvkI	147.714	UCbxeWUKWro8bMscsa36-BtA	46	1.0	0.0978571829727
231	717	B18Yur2bvkI	58.6586	UCbxeWUKWro8bMscsa36-BtA	16	1.0	0.175214202874
232	718	C8tlm_j_Xbg	326.56	UCbxeWUKWro8bMscsa36-BtA	46	1.0	0.0978571829727
234	724	F5JbvB2qd_I	305.805	UCbxeWUKWro8bMscsa36-BtA	46	1.0	0.0978571829727
237	713	H4zeaoDEzgU	186.987	UCbxeWUKWro8bMscsa36-BtA	46	1.0	0.0978571829727
241	722	HbvPR2ipKwU	186.019	UCbxeWUKWro8bMscsa36-BtA	46	0.911669026942	0.0978571829727
242	727	J4jirMoR7X4	193.193	UCbxeWUKWro8bMscsa36-BtA	46	1.0	0.0978571829727
246	761	LIqDkHoshBk	103.937	UCbxeWUKWro8bMscsa36-BtA	46	0.92546029731	0.0978571829727
247	762	LIqDkHoshBk	104.571	UCbxeWUKWro8bMscsa36-BtA	4	1.0	0.0685218470593
244	723	Lha914AL56E	37.3373	UCbxeWUKWro8bMscsa36-BtA	46	1.0	0.0978571829727
249	729	OUE8nkHEwlo	121.255	UCbxeWUKWro8bMscsa36-BtA	46	1.0	0.0978571829727
268	738	WNA04ZgltEo	337.571	UCbxeWUKWro8bMscsa36-BtA	46	1.0	0.0978571829727
272	775	WrqsfV9Hiwk	5.7057	UCbxeWUKWro8bMscsa36-BtA	4	1.0	0.0685218470593
276	779	WrqsfV9Hiwk	122.322	UCbxeWUKWro8bMscsa36-BtA	46	1.0	0.0978571829727
298	806	XKOwncyuNu0	43.4768	UCbxeWUKWro8bMscsa36-BtA	46	1.0	0.0978571829727
299	757	XyAPKdvKWhY	103.904	UCbxeWUKWro8bMscsa36-BtA	46	1.0	0.0978571829727
236	696	fSRJJb3LgUs	122.089	UCbxeWUKWro8bMscsa36-BtA	46	1.0	0.0978571829727
248	731	nNSHkRgWE_M	279.579	UCbxeWUKWro8bMscsa36-BtA	46	1.0	0.0978571829727
252	737	qCD3CA1jIBw	315.982	UCbxeWUKWro8bMscsa36-BtA	46	1.0	0.0978571829727
253	747	riPptnaMRe8	209.643	UCbxeWUKWro8bMscsa36-BtA	46	1.0	0.0978571829727
257	751	tFvm_aEzEe0	17.5842	UCbxeWUKWro8bMscsa36-BtA	2	1.0	0.231276874787
259	753	tFvm_aEzEe0	148.081	UCbxeWUKWro8bMscsa36-BtA	46	1.0	0.0978571829727
261	755	tFvm_aEzEe0	11.7784	UCbxeWUKWro8bMscsa36-BtA	16	0.377621065496	0.175214202874
262	756	tFvm_aEzEe0	61.5949	UCbxeWUKWro8bMscsa36-BtA	16	1.0	0.175214202874
263	826	uADTIg1FIxM	371.171	UCbxeWUKWro8bMscsa36-BtA	4	0.817985311514	0.0685218470593
267	830	uADTIg1FIxM	276.143	UCbxeWUKWro8bMscsa36-BtA	46	0.739628084066	0.0978571829727
301	542	1lF0bJJSii4	240.907	UCdMdGdabsaWIzSbmE1phGBQ	75	0.97370489908	0.0517194410784
311	563	6GuCgWGkYQg	13.2215	UCdMdGdabsaWIzSbmE1phGBQ	78	0.783217652344	0.0834776153838
312	564	6GuCgWGkYQg	13.0547	UCdMdGdabsaWIzSbmE1phGBQ	78	0.777270863082	0.0834776153838
314	566	6GuCgWGkYQg	69.1524	UCdMdGdabsaWIzSbmE1phGBQ	75	0.885174763821	0.0517194410784
317	557	AreuLh1DL6A	134.835	UCdMdGdabsaWIzSbmE1phGBQ	75	1.0	0.0517194410784
329	625	BH2EygV883s	336.169	UCdMdGdabsaWIzSbmE1phGBQ	75	0.831912956494	0.0517194410784
333	629	BHLZttNXIQg	472.706	UCdMdGdabsaWIzSbmE1phGBQ	75	0.850156765292	0.0517194410784
325	635	BfYMebQS5lU	528.561	UCdMdGdabsaWIzSbmE1phGBQ	75	0.938364777103	0.0517194410784
326	636	BfYMebQS5lU	514.948	UCdMdGdabsaWIzSbmE1phGBQ	78	1.0	0.0834776153838
335	639	CqRbkbKTIK0	756.089	UCdMdGdabsaWIzSbmE1phGBQ	75	1.0	0.0517194410784
340	595	I3nYY61Cb20	153.253	UCdMdGdabsaWIzSbmE1phGBQ	75	1.0	0.0517194410784
341	596	I3nYY61Cb20	10.1435	UCdMdGdabsaWIzSbmE1phGBQ	73	0.906533685272	0.0714207141051
350	585	I9tdzISTXmA	48.9155	UCdMdGdabsaWIzSbmE1phGBQ	75	1.0	0.0517194410784
351	586	I9tdzISTXmA	17.9179	UCdMdGdabsaWIzSbmE1phGBQ	75	0.856967245637	0.0517194410784
354	592	ItYQ1PM-xeM	13.9139	UCdMdGdabsaWIzSbmE1phGBQ	73	1.0	0.0714207141051
355	593	ItYQ1PM-xeM	22.3223	UCdMdGdabsaWIzSbmE1phGBQ	75	0.830256093353	0.0517194410784
358	632	KXeM4aWWLDU	92.8928	UCdMdGdabsaWIzSbmE1phGBQ	80	1.0	0.162023013778
359	633	KXeM4aWWLDU	63.3299	UCdMdGdabsaWIzSbmE1phGBQ	78	1.0	0.0834776153838
360	634	KXeM4aWWLDU	274.04	UCdMdGdabsaWIzSbmE1phGBQ	75	1.0	0.0517194410784
368	598	N3jg9JsMPRU	45.9793	UCdMdGdabsaWIzSbmE1phGBQ	73	1.0	0.0714207141051
369	599	N3jg9JsMPRU	59.1257	UCdMdGdabsaWIzSbmE1phGBQ	75	1.0	0.0517194410784
372	602	N3jg9JsMPRU	20.5205	UCdMdGdabsaWIzSbmE1phGBQ	78	1.0	0.0834776153838
374	588	NKHJg-P4m2A	85.8524	UCdMdGdabsaWIzSbmE1phGBQ	75	1.0	0.0517194410784
378	589	OL90oP4Osd4	78.1114	UCdMdGdabsaWIzSbmE1phGBQ	75	1.0	0.0517194410784
380	618	PcRkWLoM7Io	14.3477	UCdMdGdabsaWIzSbmE1phGBQ	80	0.501777086545	0.162023013778
383	621	PcRkWLoM7Io	25.5255	UCdMdGdabsaWIzSbmE1phGBQ	78	0.976910061941	0.0834776153838
384	622	PcRkWLoM7Io	164.431	UCdMdGdabsaWIzSbmE1phGBQ	75	1.0	0.0517194410784
385	623	PcRkWLoM7Io	10.377	UCdMdGdabsaWIzSbmE1phGBQ	75	0.803658816859	0.0517194410784
401	648	R8v-jXyGKV8	116.617	UCdMdGdabsaWIzSbmE1phGBQ	78	1.0	0.0834776153838
402	649	R8v-jXyGKV8	57.0236	UCdMdGdabsaWIzSbmE1phGBQ	80	1.0	0.162023013778
404	651	R8v-jXyGKV8	397.564	UCdMdGdabsaWIzSbmE1phGBQ	75	1.0	0.0517194410784
410	666	RRRozRtKxqA	321.021	UCdMdGdabsaWIzSbmE1phGBQ	75	1.0	0.0517194410784
391	669	R_KvD57QELw	126.627	UCdMdGdabsaWIzSbmE1phGBQ	78	0.970365754833	0.0834776153838
320	611	bcnFRtlINPk	114.381	UCdMdGdabsaWIzSbmE1phGBQ	32	0.699935826027	0.17180488131
322	613	bcnFRtlINPk	170.671	UCdMdGdabsaWIzSbmE1phGBQ	75	0.998396756476	0.0517194410784
337	608	eD2K7qraaO4	584.384	UCdMdGdabsaWIzSbmE1phGBQ	75	1.0	0.0517194410784
338	609	eD2K7qraaO4	193.794	UCdMdGdabsaWIzSbmE1phGBQ	80	0.532885621407	0.162023013778
339	607	f8woE_JLi00	579.712	UCdMdGdabsaWIzSbmE1phGBQ	75	0.89650623212	0.0517194410784
357	616	jJYFiiFuNVc	703.97	UCdMdGdabsaWIzSbmE1phGBQ	75	0.990066542688	0.0517194410784
361	630	l6E0VngHSOM	186.853	UCdMdGdabsaWIzSbmE1phGBQ	75	0.899042524699	0.0517194410784
366	606	mQu8YmPlc24	50.9175	UCdMdGdabsaWIzSbmE1phGBQ	75	1.0	0.0517194410784
375	644	o9NtLP901U0	344.044	UCdMdGdabsaWIzSbmE1phGBQ	75	0.862829088764	0.0517194410784
386	641	pzP3K6pGsTc	480.347	UCdMdGdabsaWIzSbmE1phGBQ	75	1.0	0.0517194410784
387	642	pzP3K6pGsTc	270.036	UCdMdGdabsaWIzSbmE1phGBQ	80	0.83616790043	0.162023013778
388	643	pzP3K6pGsTc	157.09	UCdMdGdabsaWIzSbmE1phGBQ	78	1.0	0.0834776153838
406	655	rGS4yUZb0fE	73.073	UCdMdGdabsaWIzSbmE1phGBQ	75	1.0	0.0517194410784
407	657	rGS4yUZb0fE	286.186	UCdMdGdabsaWIzSbmE1phGBQ	80	0.584100035474	0.162023013778
413	656	uLBVSguZqhw	53.8204	UCdMdGdabsaWIzSbmE1phGBQ	75	1.0	0.0517194410784
419	664	uLBVSguZqhw	56.056	UCdMdGdabsaWIzSbmE1phGBQ	32	1.0	0.17180488131
420	678	vitAlSupvjo	104.271	UCdMdGdabsaWIzSbmE1phGBQ	78	1.0	0.0834776153838
421	679	vitAlSupvjo	282.482	UCdMdGdabsaWIzSbmE1phGBQ	75	1.0	0.0517194410784
422	680	xPDP7k5uWXM	339.506	UCdMdGdabsaWIzSbmE1phGBQ	78	1.0	0.0834776153838
423	681	xPDP7k5uWXM	343.009	UCdMdGdabsaWIzSbmE1phGBQ	75	1.0	0.0517194410784
424	684	yestd6hhzGU	29.8965	UCdMdGdabsaWIzSbmE1phGBQ	75	0.827501268308	0.0517194410784
430	704	z8QcVpTDEcU	99.3326	UCdMdGdabsaWIzSbmE1phGBQ	32	1.0	0.17180488131
433	707	z8QcVpTDEcU	139.139	UCdMdGdabsaWIzSbmE1phGBQ	80	0.793740361855	0.162023013778
435	709	z8QcVpTDEcU	300.7	UCdMdGdabsaWIzSbmE1phGBQ	75	1.0	0.0517194410784
519	148	2cUYtO6LSEc	45.6456	UCfYZRHQWV-evwn5kzQsK2Gg	58	1.0	0.220390899137
520	179	4M_zgvhibug	567.567	UCfYZRHQWV-evwn5kzQsK2Gg	58	0.974753942217	0.220390899137
521	149	71A6NP58V44	74.6079	UCfYZRHQWV-evwn5kzQsK2Gg	58	1.0	0.220390899137
522	154	9n-FF9L9xtg	50.6172	UCfYZRHQWV-evwn5kzQsK2Gg	58	1.0	0.220390899137
524	157	CewT_DtQuXQ	51.1511	UCfYZRHQWV-evwn5kzQsK2Gg	58	1.0	0.220390899137
532	174	DFxgP-_tcEw	26.4931	UCfYZRHQWV-evwn5kzQsK2Gg	59	1.0	0.159065481669
534	176	DsfD0xgNwc8	90.0233	UCfYZRHQWV-evwn5kzQsK2Gg	58	0.975577583297	0.220390899137
537	177	GYsgLFZgd94	78.2448	UCfYZRHQWV-evwn5kzQsK2Gg	59	1.0	0.159065481669
547	189	OZcotJaPDSw	8.04137	UCfYZRHQWV-evwn5kzQsK2Gg	38	1.0	0.364907201483
548	190	OZcotJaPDSw	8.04137	UCfYZRHQWV-evwn5kzQsK2Gg	25	1.0	0.370295756128
549	191	OZcotJaPDSw	8.04137	UCfYZRHQWV-evwn5kzQsK2Gg	68	1.0	0.25157562562
550	192	OZcotJaPDSw	6.97363	UCfYZRHQWV-evwn5kzQsK2Gg	63	1.0	0.220964740607
552	194	OZcotJaPDSw	9.64297	UCfYZRHQWV-evwn5kzQsK2Gg	62	1.0	0.197488025759
553	195	OZcotJaPDSw	56.1561	UCfYZRHQWV-evwn5kzQsK2Gg	58	1.0	0.220390899137
555	197	OZcotJaPDSw	8.07473	UCfYZRHQWV-evwn5kzQsK2Gg	69	1.0	0.335483358138
545	201	Oj9OKfncYZk	179.246	UCfYZRHQWV-evwn5kzQsK2Gg	58	1.0	0.220390899137
556	186	PbGNuVm_GMA	63.8304	UCfYZRHQWV-evwn5kzQsK2Gg	58	0.896106055195	0.220390899137
580	199	UupXYmByQTE	67.2005	UCfYZRHQWV-evwn5kzQsK2Gg	58	1.0	0.220390899137
536	185	ehgjVVtGe0c	68.9689	UCfYZRHQWV-evwn5kzQsK2Gg	58	1.0	0.220390899137
540	183	k4pEkTHbQW0	62.3957	UCfYZRHQWV-evwn5kzQsK2Gg	58	1.0	0.220390899137
541	180	l0GOey0l-Is	52.5525	UCfYZRHQWV-evwn5kzQsK2Gg	58	1.0	0.220390899137
544	188	mdMjMwVx64U	124.124	UCfYZRHQWV-evwn5kzQsK2Gg	58	1.0	0.220390899137
560	230	rFWF8_1vjQA	58.8254	UCfYZRHQWV-evwn5kzQsK2Gg	35	1.0	0.103102665599
578	248	rFWF8_1vjQA	30.6973	UCfYZRHQWV-evwn5kzQsK2Gg	37	1.0	0.0591195682962
581	200	y3lgrCiWIxI	66.066	UCfYZRHQWV-evwn5kzQsK2Gg	58	1.0	0.220390899137
643	100	8YQ7-H6jtk4	5.83917	UCjTVNkbx5megxlnl1spy2jg	0	0.687708963195	0.0608838655766
644	101	8YQ7-H6jtk4	5.83917	UCjTVNkbx5megxlnl1spy2jg	0	1.0	0.0608838655766
645	102	8YQ7-H6jtk4	5.83917	UCjTVNkbx5megxlnl1spy2jg	0	1.0	0.0608838655766
647	39310	F040CJjjhXA	101.435	UCjTVNkbx5megxlnl1spy2jg	51	0.662370115352	0.0891664048956
682	62	Z0FujJwvLQI	21.5549	UCjTVNkbx5megxlnl1spy2jg	40	1.0	0.195476668331
662	136	rz6EHIy_YmI	374.875	UCjTVNkbx5megxlnl1spy2jg	51	1.0	0.0891664048956
667	81	u_VC0qVd6Kc	7.77443	UCjTVNkbx5megxlnl1spy2jg	51	1.0	0.0891664048956
695	445	-4UFB0CBrFI	206.733	UCl0mpynmsGpbrJn98xlZGWQ	56	1.0	0.0652967856705
699	458	-Lrv7jtAcOc	508.042	UCl0mpynmsGpbrJn98xlZGWQ	56	0.996338315877	0.0652967856705
697	432	-kzcWbC55XY	269.994	UCl0mpynmsGpbrJn98xlZGWQ	56	0.986166608994	0.0652967856705
701	449	5fD7POSsiWY	152.757	UCl0mpynmsGpbrJn98xlZGWQ	56	1.0	0.0652967856705
725	485	Qz1iBRpoa2I	318.706	UCl0mpynmsGpbrJn98xlZGWQ	56	1.0	0.0652967856705
731	476	ReyZZ8r1B-w	440.59	UCl0mpynmsGpbrJn98xlZGWQ	56	1.0	0.0652967856705
703	429	bE6tZ72_ZM0	202.828	UCl0mpynmsGpbrJn98xlZGWQ	56	1.0	0.0652967856705
707	427	d-Z5Ters7IQ	71.1047	UCl0mpynmsGpbrJn98xlZGWQ	56	1.0	0.0652967856705
711	423	dSYQ9BWl8JM	42.0138	UCl0mpynmsGpbrJn98xlZGWQ	56	0.816684408617	0.0652967856705
716	462	f3pGe-3s_jE	313.81	UCl0mpynmsGpbrJn98xlZGWQ	56	1.0	0.0652967856705
719	490	lu6riC9qqIk	551.67	UCl0mpynmsGpbrJn98xlZGWQ	56	0.838739669265	0.0652967856705
721	468	ppRySHDBCBM	187.51	UCl0mpynmsGpbrJn98xlZGWQ	56	1.0	0.0652967856705
727	453	r_fWq3aymvQ	157.56	UCl0mpynmsGpbrJn98xlZGWQ	56	1.0	0.0652967856705
732	419	rlhHsABogKA	23.4108	UCl0mpynmsGpbrJn98xlZGWQ	56	0.971014943803	0.0652967856705
735	492	v8VAKxFW1mQ	458.258	UCl0mpynmsGpbrJn98xlZGWQ	56	0.937752250773	0.0652967856705
737	471	x9KYLLEIIbo	168.909	UCl0mpynmsGpbrJn98xlZGWQ	56	1.0	0.0652967856705
742	37	-YCJOI3u1Gk	194.895	UCnfUCP_4nSws4KUI4Nkdaig	64	0.975799795551	0.215378271827
745	73	aHCsK3av2qc	99.466	UCnfUCP_4nSws4KUI4Nkdaig	64	1.0	0.215378271827
752	38	eeMdxxtOpAg	302.802	UCnfUCP_4nSws4KUI4Nkdaig	64	1.0	0.215378271827
753	39	me7wa2u0PhY	214.915	UCnfUCP_4nSws4KUI4Nkdaig	64	1.0	0.215378271827
755	44	rCAhE2kC5_o	279.846	UCnfUCP_4nSws4KUI4Nkdaig	43	0.949744494223	0.199410240868
756	46	rCAhE2kC5_o	177.544	UCnfUCP_4nSws4KUI4Nkdaig	64	1.0	0.215378271827
757	47	yuRDsGzm-Sc	397.697	UCnfUCP_4nSws4KUI4Nkdaig	43	1.0	0.199410240868
758	48	yuRDsGzm-Sc	209.843	UCnfUCP_4nSws4KUI4Nkdaig	64	1.0	0.215378271827
761	210	CPytGM36EmE	82.9495	UCnsZ4GPxvLUmadQuxwXxaHw	3	1.0	0.124415409489
764	213	CPytGM36EmE	37.6376	UCnsZ4GPxvLUmadQuxwXxaHw	15	1.0	0.1488940287
765	219	DgE1G4pFxT8	347.047	UCnsZ4GPxvLUmadQuxwXxaHw	15	1.0	0.1488940287
766	206	EIgDQvYrERY	272.806	UCnsZ4GPxvLUmadQuxwXxaHw	15	1.0	0.1488940287
768	222	FVdQhPaTqyk	212.045	UCnsZ4GPxvLUmadQuxwXxaHw	15	1.0	0.1488940287
769	223	FVdQhPaTqyk	19.1191	UCnsZ4GPxvLUmadQuxwXxaHw	15	0.591343936145	0.1488940287
771	250	KzPYdiCBHSY	264.998	UCnsZ4GPxvLUmadQuxwXxaHw	15	1.0	0.1488940287
782	249	ZLf5jT2ovcs	220.053	UCnsZ4GPxvLUmadQuxwXxaHw	15	1.0	0.1488940287
780	217	Z_I8Y8p7AyM	80.2135	UCnsZ4GPxvLUmadQuxwXxaHw	15	0.87870818888	0.1488940287
770	224	kSvbp148sbs	450.817	UCnsZ4GPxvLUmadQuxwXxaHw	15	0.959119477009	0.1488940287
773	220	oeP_TDUKOxU	137.671	UCnsZ4GPxvLUmadQuxwXxaHw	70	1.0	0.0688532455122
775	225	pJGIrlts0h8	24.7914	UCnsZ4GPxvLUmadQuxwXxaHw	70	1.0	0.0688532455122
776	226	pJGIrlts0h8	249.816	UCnsZ4GPxvLUmadQuxwXxaHw	15	1.0	0.1488940287
806	315	9jr2R5B2vJE	151.852	UCxK8FgwjHujWeRj4aJOErgw	18	0.593724585103	0.203032152471
809	323	HvpOXTGDRSY	517.083	UCxK8FgwjHujWeRj4aJOErgw	18	1.0	0.203032152471
816	330	LJFtKEtDoq0	446.546	UCxK8FgwjHujWeRj4aJOErgw	18	0.686114625062	0.203032152471
818	347	LPSmi0Eu0cs	597.764	UCxK8FgwjHujWeRj4aJOErgw	18	1.0	0.203032152471
829	334	Tx7wjVPbyb8	0.6006	UCxK8FgwjHujWeRj4aJOErgw	68	1.0	0.25157562562
830	335	Tx7wjVPbyb8	120.387	UCxK8FgwjHujWeRj4aJOErgw	18	1.0	0.203032152471
808	317	eJWSSaLkYa4	167.567	UCxK8FgwjHujWeRj4aJOErgw	18	1.0	0.203032152471
810	312	jRm_Mxi92to	37.7711	UCxK8FgwjHujWeRj4aJOErgw	18	0.546341915804	0.203032152471
812	336	jw2GIOb6UPc	490.19	UCxK8FgwjHujWeRj4aJOErgw	18	1.0	0.203032152471
814	332	kltjzqFDQw8	560.093	UCxK8FgwjHujWeRj4aJOErgw	18	0.8393052173	0.203032152471
822	351	p_0tEafIC4U	504.304	UCxK8FgwjHujWeRj4aJOErgw	18	0.789186033491	0.203032152471
824	326	qH3f75vmJnw	116.583	UCxK8FgwjHujWeRj4aJOErgw	18	0.632120279782	0.203032152471
826	342	r-WdSBpB384	68.7687	UCxK8FgwjHujWeRj4aJOErgw	18	0.777042731938	0.203032152471
827	358	s8Tp1fRbGv0	597.197	UCxK8FgwjHujWeRj4aJOErgw	18	1.0	0.203032152471
833	369	ujuavyc4RN8	16.2162	UCxK8FgwjHujWeRj4aJOErgw	19	1.0	0.164973214464
834	370	ujuavyc4RN8	10.5105	UCxK8FgwjHujWeRj4aJOErgw	19	1.0	0.164973214464
835	371	ujuavyc4RN8	286.319	UCxK8FgwjHujWeRj4aJOErgw	18	0.896905096802	0.203032152471
836	372	ujuavyc4RN8	1.13447	UCxK8FgwjHujWeRj4aJOErgw	18	0.564291883585	0.203032152471
837	355	wlvgdDJNrbg	219.686	UCxK8FgwjHujWeRj4aJOErgw	18	1.0	0.203032152471
840	345	yJoZkDU7S5c	76.6432	UCxK8FgwjHujWeRj4aJOErgw	18	0.807233716265	0.203032152471
841	346	yJoZkDU7S5c	8.67533	UCxK8FgwjHujWeRj4aJOErgw	18	0.514452083689	0.203032152471
842	379	64AiD8g3EuM	173.373	UCxW6kswHdM0gcRMopggPIvQ	45	0.978417584252	0.123664862856
845	389	A-8LzPyBP-g	123.457	UCxW6kswHdM0gcRMopggPIvQ	45	0.803930448483	0.123664862856
847	383	BKEjp06wIbk	146.246	UCxW6kswHdM0gcRMopggPIvQ	45	1.0	0.123664862856
853	393	PhchsyTzUZs	109.676	UCxW6kswHdM0gcRMopggPIvQ	45	1.0	0.123664862856
859	402	W3NhtfktX08	150.917	UCxW6kswHdM0gcRMopggPIvQ	45	1.0	0.123664862856
849	392	d216F8ZaikQ	276.71	UCxW6kswHdM0gcRMopggPIvQ	45	1.0	0.123664862856
850	390	eTy_4V_to24	67.434	UCxW6kswHdM0gcRMopggPIvQ	45	0.962533534537	0.123664862856
851	381	m3GkYIwdrIk	103.804	UCxW6kswHdM0gcRMopggPIvQ	45	1.0	0.123664862856
854	411	sMdA3cyoWlk	120.62	UCxW6kswHdM0gcRMopggPIvQ	45	0.859031886614	0.123664862856
855	412	sMdA3cyoWlk	109.776	UCxW6kswHdM0gcRMopggPIvQ	3	1.0	0.124415409489
856	413	sMdA3cyoWlk	90.3236	UCxW6kswHdM0gcRMopggPIvQ	15	1.0	0.1488940287
861	858	0-EKAyGQAkU	334.835	UCz09qEPPNLdP7BG3baywE8w	54	1.0	0.101530837795
863	860	0-EKAyGQAkU	183.433	UCz09qEPPNLdP7BG3baywE8w	71	0.99391167676	0.0519266571617
867	877	6yevIMoxB2Y	59.1007	UCz09qEPPNLdP7BG3baywE8w	54	1.0	0.101530837795
868	855	93n6AonDivk	2.5025	UCz09qEPPNLdP7BG3baywE8w	54	1.0	0.101530837795
869	856	93n6AonDivk	26.4014	UCz09qEPPNLdP7BG3baywE8w	54	1.0	0.101530837795
870	857	93n6AonDivk	2.002	UCz09qEPPNLdP7BG3baywE8w	54	0.777086964991	0.101530837795
876	866	FvMqJWxVxSw	262.471	UCz09qEPPNLdP7BG3baywE8w	54	1.0	0.101530837795
884	883	Li9GKLVS0so	454.287	UCz09qEPPNLdP7BG3baywE8w	54	1.0	0.101530837795
887	884	LjUNkkeQWu0	232.607	UCz09qEPPNLdP7BG3baywE8w	54	0.911313755739	0.101530837795
888	885	LjUNkkeQWu0	91.0076	UCz09qEPPNLdP7BG3baywE8w	54	0.73114882471	0.101530837795
889	872	LwZmsZ2Q1Nc	231.698	UCz09qEPPNLdP7BG3baywE8w	54	1.0	0.101530837795
891	880	QadW6q78gaU	237.938	UCz09qEPPNLdP7BG3baywE8w	54	1.0	0.101530837795
892	881	U2gTp_Tpn-A	443.276	UCz09qEPPNLdP7BG3baywE8w	54	0.828712276248	0.101530837795
896	894	WOAgVf-pUeg	355.388	UCz09qEPPNLdP7BG3baywE8w	54	1.0	0.101530837795
903	891	ZtqfcL1FFPo	589.089	UCz09qEPPNLdP7BG3baywE8w	54	1.0	0.101530837795
905	893	ZtqfcL1FFPo	53.0947	UCz09qEPPNLdP7BG3baywE8w	71	1.0	0.0519266571617
860	852	_gjGXK2j1DI	300.884	UCz09qEPPNLdP7BG3baywE8w	54	1.0	0.101530837795
871	853	a4ipSBb9Ijk	60.3603	UCz09qEPPNLdP7BG3baywE8w	54	1.0	0.101530837795
873	863	c-Qag2F1cMU	245.787	UCz09qEPPNLdP7BG3baywE8w	54	1.0	0.101530837795
875	864	dpMkpZf0VHk	365.699	UCz09qEPPNLdP7BG3baywE8w	54	0.697352205993	0.101530837795
878	861	g9rpw933se4	208.708	UCz09qEPPNLdP7BG3baywE8w	54	0.99069977513	0.101530837795
880	878	hpkDgjBSk60	393.059	UCz09qEPPNLdP7BG3baywE8w	54	1.0	0.101530837795
882	868	i3b7uhby5YI	323.256	UCz09qEPPNLdP7BG3baywE8w	54	1.0	0.101530837795
885	870	lIsX1CpLJ5M	191.024	UCz09qEPPNLdP7BG3baywE8w	54	1.0	0.101530837795
886	871	lIsX1CpLJ5M	36.9953	UCz09qEPPNLdP7BG3baywE8w	71	1.0	0.0519266571617
894	886	vcJwSlpK2jY	161.595	UCz09qEPPNLdP7BG3baywE8w	54	1.0	0.101530837795
895	887	vcJwSlpK2jY	232.999	UCz09qEPPNLdP7BG3baywE8w	54	0.726461103665	0.101530837795
900	888	xoKrrOvP9q4	498.581	UCz09qEPPNLdP7BG3baywE8w	54	1.0	0.101530837795
901	889	ylujGWUJtDk	328.286	UCz09qEPPNLdP7BG3baywE8w	54	1.0	0.101530837795
