	id	videoID	duration	channel	label	proba	pers
0	555	E0oQt8mtYK4	407.274	UC1LG7YDL7OLD6VvdPAmyjiA	35	0.802857403091	0.0521080883003
1	556	E0oQt8mtYK4	393.36	UC1LG7YDL7OLD6VvdPAmyjiA	29	1.0	0.0560255711819
5	558	TpwlVBgmrUc	370.871	UC1LG7YDL7OLD6VvdPAmyjiA	35	0.885001382351	0.0521080883003
6	559	TpwlVBgmrUc	615.381	UC1LG7YDL7OLD6VvdPAmyjiA	29	0.977111642317	0.0560255711819
2	543	rAXYNd1CA9A	34.1341	UC1LG7YDL7OLD6VvdPAmyjiA	52	0.752760769982	0.0626074877068
4	545	rAXYNd1CA9A	559.492	UC1LG7YDL7OLD6VvdPAmyjiA	35	1.0	0.0521080883003
7	560	yTM8ps35-24	544.677	UC1LG7YDL7OLD6VvdPAmyjiA	29	1.0	0.0560255711819
8	561	yTM8ps35-24	598.531	UC1LG7YDL7OLD6VvdPAmyjiA	35	1.0	0.0521080883003
41	414	5uGpMmE7jQY	318.668	UC2FfW6_YHXUSfsndM2R37cQ	18	0.705543891911	0.0722720501886
44	434	F76ntKET30k	446.153	UC2FfW6_YHXUSfsndM2R37cQ	55	0.658057430212	0.0504155337625
45	435	F76ntKET30k	471.496	UC2FfW6_YHXUSfsndM2R37cQ	18	0.826102029959	0.0722720501886
46	417	V60JXBzi_Vc	480.942	UC2FfW6_YHXUSfsndM2R37cQ	18	0.895149522897	0.0722720501886
42	415	cv22idODm9Y	239.773	UC2FfW6_YHXUSfsndM2R37cQ	69	1.0	0.0530860112077
43	416	cv22idODm9Y	222.889	UC2FfW6_YHXUSfsndM2R37cQ	18	1.0	0.0722720501886
9	103	-AJuqXp5YLQ	189.823	UC2bYhAHyaqfWlPXWBVk4BcA	70	0.945556625918	0.0631811557179
11	80	-sOb5xtyfBI	261.294	UC2bYhAHyaqfWlPXWBVk4BcA	70	0.78138418146	0.0631811557179
12	105	1Bz2BnK3Lio	87.2205	UC2bYhAHyaqfWlPXWBVk4BcA	70	1.0	0.0631811557179
13	108	3wDlEQ6wcPs	196.697	UC2bYhAHyaqfWlPXWBVk4BcA	70	1.0	0.0631811557179
15	121	9fTVHcXrdK0	127.995	UC2bYhAHyaqfWlPXWBVk4BcA	70	1.0	0.0631811557179
18	115	BiUF8qQrXMA	145.345	UC2bYhAHyaqfWlPXWBVk4BcA	70	1.0	0.0631811557179
19	114	CmM5nUMA_SA	167.968	UC2bYhAHyaqfWlPXWBVk4BcA	70	0.923088834764	0.0631811557179
20	116	CqugMysYaIM	204.071	UC2bYhAHyaqfWlPXWBVk4BcA	70	0.880256454326	0.0631811557179
28	125	EJh2HxD2YYg	121.021	UC2bYhAHyaqfWlPXWBVk4BcA	70	0.969862920742	0.0631811557179
36	130	MrjF_C7lWKM	225.859	UC2bYhAHyaqfWlPXWBVk4BcA	70	1.0	0.0631811557179
17	113	aqIOxteRj6c	322.789	UC2bYhAHyaqfWlPXWBVk4BcA	70	0.902858415469	0.0631811557179
21	117	ctv97Mj5iaI	87.4207	UC2bYhAHyaqfWlPXWBVk4BcA	70	1.0	0.0631811557179
22	118	ctv97Mj5iaI	101.635	UC2bYhAHyaqfWlPXWBVk4BcA	70	0.824114586422	0.0631811557179
24	127	d3g2tUCAEHQ	238.305	UC2bYhAHyaqfWlPXWBVk4BcA	70	1.0	0.0631811557179
29	126	ht9BRzbz9j4	250.851	UC2bYhAHyaqfWlPXWBVk4BcA	70	1.0	0.0631811557179
31	139	hzBk_Q1gA_g	161.728	UC2bYhAHyaqfWlPXWBVk4BcA	70	1.0	0.0631811557179
32	141	hzBk_Q1gA_g	34.7347	UC2bYhAHyaqfWlPXWBVk4BcA	72	0.650440294226	0.0639134957772
34	146	mmX-F7I4NYA	265.298	UC2bYhAHyaqfWlPXWBVk4BcA	70	1.0	0.0631811557179
37	134	pUOiGPTZMhQ	204.504	UC2bYhAHyaqfWlPXWBVk4BcA	70	1.0	0.0631811557179
39	151	t08qE40UByc	338.071	UC2bYhAHyaqfWlPXWBVk4BcA	70	0.940275264212	0.0631811557179
40	147	yIa7B8UF384	113.413	UC2bYhAHyaqfWlPXWBVk4BcA	70	1.0	0.0631811557179
50	310	1WEosoTt-7s	400.248	UC45zwHCRNT5jA8sC5DUW7oQ	55	1.0	0.0504155337625
52	299	6aDheKJXEZw	79.2651	UC45zwHCRNT5jA8sC5DUW7oQ	55	1.0	0.0504155337625
53	300	6aDheKJXEZw	15.7995	UC45zwHCRNT5jA8sC5DUW7oQ	55	0.762250401688	0.0504155337625
57	292	GDFa5kL9ng8	228.272	UC45zwHCRNT5jA8sC5DUW7oQ	55	0.802118430997	0.0504155337625
61	328	HuX4szgyXlI	262.679	UC45zwHCRNT5jA8sC5DUW7oQ	69	1.0	0.0530860112077
62	329	HuX4szgyXlI	221.644	UC45zwHCRNT5jA8sC5DUW7oQ	55	0.698931601595	0.0504155337625
64	324	SIlvvCrso1s	238.506	UC45zwHCRNT5jA8sC5DUW7oQ	18	1.0	0.0722720501886
68	319	ZdE96tb6hWg	265.274	UC45zwHCRNT5jA8sC5DUW7oQ	55	0.782244664473	0.0504155337625
69	320	ZdE96tb6hWg	49.3394	UC45zwHCRNT5jA8sC5DUW7oQ	55	0.652819916528	0.0504155337625
55	290	bRIrLzMxYus	28.0817	UC45zwHCRNT5jA8sC5DUW7oQ	3	0.728933704505	0.149052675303
58	304	hLNnT2qQ8RU	270.227	UC45zwHCRNT5jA8sC5DUW7oQ	55	0.75641008149	0.0504155337625
80	474	GBCxYaCv_Xw	11.1111	UC70WKHZ1X9qIXWmNr0qHGmw	58	1.0	0.202148864963
85	503	jUqrx5RUJX4	14.2142	UC70WKHZ1X9qIXWmNr0qHGmw	50	1.0	0.0562542320803
102	14	2Ia8-ihCg-8	32.3657	UC7CEVQbvZ6-uy6TRH_c6scg	94	0.778445148622	0.0908360852367
127	31	CQtftDuEhy0	63.7303	UC7CEVQbvZ6-uy6TRH_c6scg	50	1.0	0.0562542320803
136	42	Iczb5exOpLs	66.9002	UC7CEVQbvZ6-uy6TRH_c6scg	94	1.0	0.0908360852367
141	26772	R877MkpxxUU	7.5075	UC7CEVQbvZ6-uy6TRH_c6scg	77	0.340096635152	0.535724200857
142	26773	R877MkpxxUU	0.633967	UC7CEVQbvZ6-uy6TRH_c6scg	58	1.0	0.202148864963
143	26774	R877MkpxxUU	7.5075	UC7CEVQbvZ6-uy6TRH_c6scg	10	0.393561157519	0.32161947247
145	45	UFfFaSM2b8A	128.462	UC7CEVQbvZ6-uy6TRH_c6scg	94	1.0	0.0908360852367
117	1	cF4yvjbQgL0	0.6006	UC7CEVQbvZ6-uy6TRH_c6scg	7	1.0	0.102208850879
119	3	cF4yvjbQgL0	16.3163	UC7CEVQbvZ6-uy6TRH_c6scg	94	0.616030558003	0.0908360852367
153	252	5qwPM7N2ekA	332.432	UC8aTvyjY38Qf5rS1xBOWI3w	68	0.795625110025	0.0659908778336
154	265	Af5jV9lZJAc	418.084	UC8aTvyjY38Qf5rS1xBOWI3w	42	0.798664953223	0.0985875378603
155	266	Af5jV9lZJAc	476.843	UC8aTvyjY38Qf5rS1xBOWI3w	68	0.821825216688	0.0659908778336
161	267	PXwYJmd_iTg	355.255	UC8aTvyjY38Qf5rS1xBOWI3w	68	0.795049732695	0.0659908778336
171	281	QqeDeD1v34c	23.6679	UC8aTvyjY38Qf5rS1xBOWI3w	68	0.955988227559	0.0659908778336
173	258	UIc8aK4WsN4	457.057	UC8aTvyjY38Qf5rS1xBOWI3w	68	0.906391313609	0.0659908778336
156	253	jcB_Q7uVr78	95.462	UC8aTvyjY38Qf5rS1xBOWI3w	68	0.91860022298	0.0659908778336
174	259	wpcfugXwWFQ	105.539	UC8aTvyjY38Qf5rS1xBOWI3w	42	0.719549940015	0.0985875378603
176	261	wpcfugXwWFQ	221.755	UC8aTvyjY38Qf5rS1xBOWI3w	68	1.0	0.0659908778336
177	262	wpcfugXwWFQ	117.884	UC8aTvyjY38Qf5rS1xBOWI3w	84	0.621227744678	0.0989709236379
179	743	395DPCLQfQw	62.3623	UCB826yhc1dm8-MEX1x55yAQ	6	0.955326331784	0.104982004733
180	744	395DPCLQfQw	20.0534	UCB826yhc1dm8-MEX1x55yAQ	6	0.612738252926	0.104982004733
181	771	5yZgm-IhG0A	43.6436	UCB826yhc1dm8-MEX1x55yAQ	6	0.980888047982	0.104982004733
183	807	EOyfUb8ikoo	57.8912	UCB826yhc1dm8-MEX1x55yAQ	6	1.0	0.104982004733
186	812	FpxLIqmFWfY	103.403	UCB826yhc1dm8-MEX1x55yAQ	6	1.0	0.104982004733
187	813	FpxLIqmFWfY	9.17583	UCB826yhc1dm8-MEX1x55yAQ	81	0.344908965043	0.255463033565
191	833	PhEWVXntA4I	32.9996	UCB826yhc1dm8-MEX1x55yAQ	6	0.941544163479	0.104982004733
193	832	PxYHFVzfuS0	78.7787	UCB826yhc1dm8-MEX1x55yAQ	6	0.964938190393	0.104982004733
198	848	QxrQ-GvV40c	86.7533	UCB826yhc1dm8-MEX1x55yAQ	6	0.900194617231	0.104982004733
204	841	YnGnGpqCVSQ	97.8978	UCB826yhc1dm8-MEX1x55yAQ	6	0.889203181206	0.104982004733
205	842	YnGnGpqCVSQ	11.6116	UCB826yhc1dm8-MEX1x55yAQ	81	1.0	0.255463033565
206	843	YnGnGpqCVSQ	10.644	UCB826yhc1dm8-MEX1x55yAQ	77	1.0	0.535724200857
207	844	YnGnGpqCVSQ	10.6773	UCB826yhc1dm8-MEX1x55yAQ	10	1.0	0.32161947247
208	845	YnGnGpqCVSQ	9.7097	UCB826yhc1dm8-MEX1x55yAQ	49	1.0	0.487266349871
209	846	YnGnGpqCVSQ	10.6773	UCB826yhc1dm8-MEX1x55yAQ	58	1.0	0.202148864963
210	847	YnGnGpqCVSQ	11.6116	UCB826yhc1dm8-MEX1x55yAQ	72	1.0	0.0639134957772
182	808	dLtBXB6cn2I	112.446	UCB826yhc1dm8-MEX1x55yAQ	6	1.0	0.104982004733
188	809	hLWXWeqg4Ys	56.8234	UCB826yhc1dm8-MEX1x55yAQ	6	0.820903287336	0.104982004733
189	831	iydBohK2SjM	57.4908	UCB826yhc1dm8-MEX1x55yAQ	6	1.0	0.104982004733
190	819	jaRwkLmGKsg	30.6306	UCB826yhc1dm8-MEX1x55yAQ	6	0.945990160572	0.104982004733
194	850	q7KN_Fr8yrk	393.326	UCB826yhc1dm8-MEX1x55yAQ	6	0.836582080598	0.104982004733
196	835	qXArEttSkwU	101.935	UCB826yhc1dm8-MEX1x55yAQ	6	1.0	0.104982004733
200	839	rRivD2UvdgQ	152.652	UCB826yhc1dm8-MEX1x55yAQ	6	1.0	0.104982004733
201	840	rRivD2UvdgQ	13.8805	UCB826yhc1dm8-MEX1x55yAQ	6	0.691458702491	0.104982004733
202	837	t3vFeKqOAyU	110.41	UCB826yhc1dm8-MEX1x55yAQ	6	1.0	0.104982004733
203	838	t3vFeKqOAyU	4.07073	UCB826yhc1dm8-MEX1x55yAQ	7	1.0	0.102208850879
444	378	9pugTn8WhHw	331.097	UCEbv-pDOAaKEwfIAZw63JsQ	38	1.0	0.0542434803398
446	497	A4uePrJ1bGk	4209.34	UCEbv-pDOAaKEwfIAZw63JsQ	38	0.882619047712	0.0542434803398
447	386	C0WaAJTA2fc	482.215	UCEbv-pDOAaKEwfIAZw63JsQ	38	1.0	0.0542434803398
451	385	Hi4e40e1-cg	368.969	UCEbv-pDOAaKEwfIAZw63JsQ	38	0.991272721018	0.0542434803398
452	374	PCGdBb8g87k	73.1064	UCEbv-pDOAaKEwfIAZw63JsQ	38	1.0	0.0542434803398
454	398	Q4WWY0LpfRY	95.8624	UCEbv-pDOAaKEwfIAZw63JsQ	38	1.0	0.0542434803398
457	395	XrTHuXXx0hw	217.951	UCEbv-pDOAaKEwfIAZw63JsQ	38	1.0	0.0542434803398
436	403	_AEdiP5JiZM	60.2602	UCEbv-pDOAaKEwfIAZw63JsQ	38	1.0	0.0542434803398
441	408	_AEdiP5JiZM	78.9789	UCEbv-pDOAaKEwfIAZw63JsQ	50	0.793871039696	0.0562542320803
449	396	dLRQJYJ7hIs	166.366	UCEbv-pDOAaKEwfIAZw63JsQ	38	1.0	0.0542434803398
450	397	dLRQJYJ7hIs	167.367	UCEbv-pDOAaKEwfIAZw63JsQ	38	1.0	0.0542434803398
458	152	-INOYZ5liIM	62.6594	UCFN_n9FTABlwDsB1ncWUBMQ	36	1.0	0.0624527190095
459	153	-INOYZ5liIM	51.4129	UCFN_n9FTABlwDsB1ncWUBMQ	36	1.0	0.0624527190095
461	131	Fobcg-lzLiQ	21.5224	UCFN_n9FTABlwDsB1ncWUBMQ	36	0.946678937066	0.0624527190095
462	132	Fobcg-lzLiQ	21.3885	UCFN_n9FTABlwDsB1ncWUBMQ	36	0.925636336473	0.0624527190095
463	133	Fobcg-lzLiQ	11.7152	UCFN_n9FTABlwDsB1ncWUBMQ	36	0.883945265705	0.0624527190095
464	203	HFnARO22HgM	324.262	UCFN_n9FTABlwDsB1ncWUBMQ	36	0.958807454523	0.0624527190095
468	163	HkpqUeqRkQs	167.276	UCFN_n9FTABlwDsB1ncWUBMQ	36	1.0	0.0624527190095
472	160	KW19GuAX9P8	31.2944	UCFN_n9FTABlwDsB1ncWUBMQ	36	1.0	0.0624527190095
473	161	KW19GuAX9P8	30.6919	UCFN_n9FTABlwDsB1ncWUBMQ	36	1.0	0.0624527190095
474	150	UmLtGlCHqJM	65.6784	UCFN_n9FTABlwDsB1ncWUBMQ	36	1.0	0.0624527190095
475	166	YdJ9oDUipgk	8.66912	UCFN_n9FTABlwDsB1ncWUBMQ	36	1.0	0.0624527190095
476	167	YdJ9oDUipgk	88.8668	UCFN_n9FTABlwDsB1ncWUBMQ	36	1.0	0.0624527190095
477	168	YdJ9oDUipgk	8.70259	UCFN_n9FTABlwDsB1ncWUBMQ	36	1.0	0.0624527190095
460	145	cWa3a8DbJ0A	165.472	UCFN_n9FTABlwDsB1ncWUBMQ	36	0.917031081379	0.0624527190095
471	156	k0ndRUXNyDM	50.9825	UCFN_n9FTABlwDsB1ncWUBMQ	36	1.0	0.0624527190095
485	512	667uThulND8	9.7097	UCFOEjz0jo07W8bpEHomEgHg	74	1.0	0.238175831403
516	553	W2MJHkK7lcQ	47.1471	UCFOEjz0jo07W8bpEHomEgHg	65	1.0	0.0533847559275
518	541	XY9IZKTs3vw	248.749	UCFOEjz0jo07W8bpEHomEgHg	65	1.0	0.0533847559275
490	521	aEI-szvexhU	11.0777	UCFOEjz0jo07W8bpEHomEgHg	74	0.267981464295	0.238175831403
494	525	aEI-szvexhU	6.53987	UCFOEjz0jo07W8bpEHomEgHg	74	0.268781650757	0.238175831403
499	519	earXfvWlHeE	9.44277	UCFOEjz0jo07W8bpEHomEgHg	74	1.0	0.238175831403
582	363	2A05w8rYSVE	413.713	UCGzDZn8uoXFz0-HyipnaWnw	21	1.0	0.11691994725
584	360	BupEyfVxLRA	270.57	UCGzDZn8uoXFz0-HyipnaWnw	21	1.0	0.11691994725
585	339	D1g0501pm3o	105.872	UCGzDZn8uoXFz0-HyipnaWnw	21	0.831314909041	0.11691994725
588	361	ER2Idvi2Xc4	220.487	UCGzDZn8uoXFz0-HyipnaWnw	21	1.0	0.11691994725
587	364	Ec_yt6qVMQI	345.845	UCGzDZn8uoXFz0-HyipnaWnw	21	1.0	0.11691994725
594	353	RdbOMula7mM	24.5912	UCGzDZn8uoXFz0-HyipnaWnw	21	0.908741984372	0.11691994725
598	366	UsCVUOaZvYs	226.693	UCGzDZn8uoXFz0-HyipnaWnw	21	1.0	0.11691994725
583	338	aKKxmZNB9JU	82.2488	UCGzDZn8uoXFz0-HyipnaWnw	21	1.0	0.11691994725
591	344	knr4rxblV_8	37.7377	UCGzDZn8uoXFz0-HyipnaWnw	21	1.0	0.11691994725
592	376	lUC84KypwD8	635.301	UCGzDZn8uoXFz0-HyipnaWnw	21	1.0	0.11691994725
596	373	svwRUYj2F8w	198.498	UCGzDZn8uoXFz0-HyipnaWnw	21	1.0	0.11691994725
787	287	98f54-WaGi0	836.135	UCW-NL7CT8lQcJz843AAwtZQ	69	0.99083916519	0.0530860112077
789	268	H_JRrIpB_pA	278.879	UCW-NL7CT8lQcJz843AAwtZQ	69	0.895884884488	0.0530860112077
791	279	JJjMymOQZWI	361.494	UCW-NL7CT8lQcJz843AAwtZQ	69	1.0	0.0530860112077
799	294	W6UnPNOW4zs	75.9092	UCW-NL7CT8lQcJz843AAwtZQ	18	0.676144845235	0.0722720501886
800	296	W6UnPNOW4zs	407.908	UCW-NL7CT8lQcJz843AAwtZQ	69	1.0	0.0530860112077
803	308	Z9xT4Lw4YvQ	399.032	UCW-NL7CT8lQcJz843AAwtZQ	69	1.0	0.0530860112077
804	309	Z9xT4Lw4YvQ	71.8051	UCW-NL7CT8lQcJz843AAwtZQ	55	0.670539524932	0.0504155337625
783	293	_80emZkgKpI	278.845	UCW-NL7CT8lQcJz843AAwtZQ	3	1.0	0.149052675303
784	295	_80emZkgKpI	283.183	UCW-NL7CT8lQcJz843AAwtZQ	69	1.0	0.0530860112077
785	298	_80emZkgKpI	228.495	UCW-NL7CT8lQcJz843AAwtZQ	55	0.767714979793	0.0504155337625
793	301	nYAD1hA9EWk	400.7	UCW-NL7CT8lQcJz843AAwtZQ	3	1.0	0.149052675303
794	302	nYAD1hA9EWk	397.631	UCW-NL7CT8lQcJz843AAwtZQ	69	1.0	0.0530860112077
795	303	nYAD1hA9EWk	61.2278	UCW-NL7CT8lQcJz843AAwtZQ	18	0.619786227146	0.0722720501886
797	284	rDUSnEokd5s	467.2	UCW-NL7CT8lQcJz843AAwtZQ	69	0.998771502798	0.0530860112077
228	712	B18Yur2bvkI	35.1351	UCbxeWUKWro8bMscsa36-BtA	84	1.0	0.0989709236379
247	762	LIqDkHoshBk	104.571	UCbxeWUKWro8bMscsa36-BtA	2	1.0	0.0719122550596
272	775	WrqsfV9Hiwk	5.7057	UCbxeWUKWro8bMscsa36-BtA	2	1.0	0.0719122550596
273	776	WrqsfV9Hiwk	10.4771	UCbxeWUKWro8bMscsa36-BtA	42	0.517680013197	0.0985875378603
285	788	WrqsfV9Hiwk	11.7451	UCbxeWUKWro8bMscsa36-BtA	74	0.299177614426	0.238175831403
260	754	tFvm_aEzEe0	48.682	UCbxeWUKWro8bMscsa36-BtA	84	1.0	0.0989709236379
263	826	uADTIg1FIxM	371.171	UCbxeWUKWro8bMscsa36-BtA	2	0.819541439823	0.0719122550596
358	632	KXeM4aWWLDU	92.8928	UCdMdGdabsaWIzSbmE1phGBQ	52	1.0	0.0626074877068
380	618	PcRkWLoM7Io	14.3477	UCdMdGdabsaWIzSbmE1phGBQ	52	0.811688080877	0.0626074877068
402	649	R8v-jXyGKV8	57.0236	UCdMdGdabsaWIzSbmE1phGBQ	52	1.0	0.0626074877068
338	609	eD2K7qraaO4	193.794	UCdMdGdabsaWIzSbmE1phGBQ	52	0.891599845048	0.0626074877068
387	642	pzP3K6pGsTc	270.036	UCdMdGdabsaWIzSbmE1phGBQ	52	0.979740988306	0.0626074877068
407	657	rGS4yUZb0fE	286.186	UCdMdGdabsaWIzSbmE1phGBQ	52	1.0	0.0626074877068
433	707	z8QcVpTDEcU	139.139	UCdMdGdabsaWIzSbmE1phGBQ	52	1.0	0.0626074877068
519	148	2cUYtO6LSEc	45.6456	UCfYZRHQWV-evwn5kzQsK2Gg	79	0.930365693185	0.116839677998
520	179	4M_zgvhibug	567.567	UCfYZRHQWV-evwn5kzQsK2Gg	79	0.655161887381	0.116839677998
521	149	71A6NP58V44	74.6079	UCfYZRHQWV-evwn5kzQsK2Gg	79	1.0	0.116839677998
522	154	9n-FF9L9xtg	50.6172	UCfYZRHQWV-evwn5kzQsK2Gg	79	1.0	0.116839677998
524	157	CewT_DtQuXQ	51.1511	UCfYZRHQWV-evwn5kzQsK2Gg	79	1.0	0.116839677998
534	176	DsfD0xgNwc8	90.0233	UCfYZRHQWV-evwn5kzQsK2Gg	79	0.70664727946	0.116839677998
547	189	OZcotJaPDSw	8.04137	UCfYZRHQWV-evwn5kzQsK2Gg	77	1.0	0.535724200857
548	190	OZcotJaPDSw	8.04137	UCfYZRHQWV-evwn5kzQsK2Gg	10	1.0	0.32161947247
549	191	OZcotJaPDSw	8.04137	UCfYZRHQWV-evwn5kzQsK2Gg	58	1.0	0.202148864963
550	192	OZcotJaPDSw	6.97363	UCfYZRHQWV-evwn5kzQsK2Gg	49	1.0	0.487266349871
552	194	OZcotJaPDSw	9.64297	UCfYZRHQWV-evwn5kzQsK2Gg	72	1.0	0.0639134957772
553	195	OZcotJaPDSw	56.1561	UCfYZRHQWV-evwn5kzQsK2Gg	79	0.987038001953	0.116839677998
555	197	OZcotJaPDSw	8.07473	UCfYZRHQWV-evwn5kzQsK2Gg	81	1.0	0.255463033565
545	201	Oj9OKfncYZk	179.246	UCfYZRHQWV-evwn5kzQsK2Gg	79	1.0	0.116839677998
556	186	PbGNuVm_GMA	63.8304	UCfYZRHQWV-evwn5kzQsK2Gg	79	1.0	0.116839677998
536	185	ehgjVVtGe0c	68.9689	UCfYZRHQWV-evwn5kzQsK2Gg	79	1.0	0.116839677998
541	180	l0GOey0l-Is	52.5525	UCfYZRHQWV-evwn5kzQsK2Gg	79	1.0	0.116839677998
543	187	mdMjMwVx64U	9.9099	UCfYZRHQWV-evwn5kzQsK2Gg	72	0.625169369209	0.0639134957772
544	188	mdMjMwVx64U	124.124	UCfYZRHQWV-evwn5kzQsK2Gg	79	0.9060645184	0.116839677998
559	229	rFWF8_1vjQA	697.196	UCfYZRHQWV-evwn5kzQsK2Gg	79	0.723448397301	0.116839677998
565	235	rFWF8_1vjQA	15.382	UCfYZRHQWV-evwn5kzQsK2Gg	32	0.70752154786	0.0670028681092
569	239	rFWF8_1vjQA	7.7077	UCfYZRHQWV-evwn5kzQsK2Gg	6	0.630398525929	0.104982004733
581	200	y3lgrCiWIxI	66.066	UCfYZRHQWV-evwn5kzQsK2Gg	79	1.0	0.116839677998
634	83	8YQ7-H6jtk4	3.4034	UCjTVNkbx5megxlnl1spy2jg	68	0.824780225293	0.0659908778336
642	98	8YQ7-H6jtk4	623.223	UCjTVNkbx5megxlnl1spy2jg	62	0.731115987148	0.0532066913879
643	100	8YQ7-H6jtk4	5.83917	UCjTVNkbx5megxlnl1spy2jg	53	0.708265917186	0.0717234247778
644	101	8YQ7-H6jtk4	5.83917	UCjTVNkbx5megxlnl1spy2jg	53	1.0	0.0717234247778
645	102	8YQ7-H6jtk4	5.83917	UCjTVNkbx5megxlnl1spy2jg	53	1.0	0.0717234247778
677	111	W-q-KQZUcYk	334.334	UCjTVNkbx5megxlnl1spy2jg	62	0.691261901566	0.0532066913879
682	62	Z0FujJwvLQI	21.5549	UCjTVNkbx5megxlnl1spy2jg	70	1.0	0.0631811557179
672	93	u_VC0qVd6Kc	9.04237	UCjTVNkbx5megxlnl1spy2jg	62	1.0	0.0532066913879
673	95	u_VC0qVd6Kc	6.53987	UCjTVNkbx5megxlnl1spy2jg	62	1.0	0.0532066913879
687	437	-4UFB0CBrFI	17.0402	UCl0mpynmsGpbrJn98xlZGWQ	5	0.795722748232	0.0500105308765
742	37	-YCJOI3u1Gk	194.895	UCnfUCP_4nSws4KUI4Nkdaig	42	0.668660190456	0.0985875378603
745	73	aHCsK3av2qc	99.466	UCnfUCP_4nSws4KUI4Nkdaig	42	1.0	0.0985875378603
752	38	eeMdxxtOpAg	302.802	UCnfUCP_4nSws4KUI4Nkdaig	42	0.726744350535	0.0985875378603
753	39	me7wa2u0PhY	214.915	UCnfUCP_4nSws4KUI4Nkdaig	42	0.943170183101	0.0985875378603
754	40	me7wa2u0PhY	20.654	UCnfUCP_4nSws4KUI4Nkdaig	68	0.675174741082	0.0659908778336
755	44	rCAhE2kC5_o	279.846	UCnfUCP_4nSws4KUI4Nkdaig	68	0.731921917991	0.0659908778336
756	46	rCAhE2kC5_o	177.544	UCnfUCP_4nSws4KUI4Nkdaig	42	1.0	0.0985875378603
757	47	yuRDsGzm-Sc	397.697	UCnfUCP_4nSws4KUI4Nkdaig	68	1.0	0.0659908778336
758	48	yuRDsGzm-Sc	209.843	UCnfUCP_4nSws4KUI4Nkdaig	42	0.796648464779	0.0985875378603
761	210	CPytGM36EmE	82.9495	UCnsZ4GPxvLUmadQuxwXxaHw	5	1.0	0.0500105308765
764	213	CPytGM36EmE	37.6376	UCnsZ4GPxvLUmadQuxwXxaHw	32	1.0	0.0670028681092
765	219	DgE1G4pFxT8	347.047	UCnsZ4GPxvLUmadQuxwXxaHw	32	1.0	0.0670028681092
766	206	EIgDQvYrERY	272.806	UCnsZ4GPxvLUmadQuxwXxaHw	32	1.0	0.0670028681092
768	222	FVdQhPaTqyk	212.045	UCnsZ4GPxvLUmadQuxwXxaHw	32	1.0	0.0670028681092
769	223	FVdQhPaTqyk	19.1191	UCnsZ4GPxvLUmadQuxwXxaHw	32	0.691733833929	0.0670028681092
771	250	KzPYdiCBHSY	264.998	UCnsZ4GPxvLUmadQuxwXxaHw	32	1.0	0.0670028681092
782	249	ZLf5jT2ovcs	220.053	UCnsZ4GPxvLUmadQuxwXxaHw	32	1.0	0.0670028681092
780	217	Z_I8Y8p7AyM	80.2135	UCnsZ4GPxvLUmadQuxwXxaHw	32	0.936253679689	0.0670028681092
770	224	kSvbp148sbs	450.817	UCnsZ4GPxvLUmadQuxwXxaHw	32	1.0	0.0670028681092
776	226	pJGIrlts0h8	249.816	UCnsZ4GPxvLUmadQuxwXxaHw	32	1.0	0.0670028681092
805	314	9jr2R5B2vJE	25.8592	UCxK8FgwjHujWeRj4aJOErgw	28	0.826694059256	0.0502659011369
806	315	9jr2R5B2vJE	151.852	UCxK8FgwjHujWeRj4aJOErgw	28	0.988792369181	0.0502659011369
809	323	HvpOXTGDRSY	517.083	UCxK8FgwjHujWeRj4aJOErgw	28	0.978448583978	0.0502659011369
816	330	LJFtKEtDoq0	446.546	UCxK8FgwjHujWeRj4aJOErgw	28	1.0	0.0502659011369
817	331	LJFtKEtDoq0	10.8108	UCxK8FgwjHujWeRj4aJOErgw	28	0.868394371809	0.0502659011369
818	347	LPSmi0Eu0cs	597.764	UCxK8FgwjHujWeRj4aJOErgw	28	1.0	0.0502659011369
829	334	Tx7wjVPbyb8	0.6006	UCxK8FgwjHujWeRj4aJOErgw	58	1.0	0.202148864963
830	335	Tx7wjVPbyb8	120.387	UCxK8FgwjHujWeRj4aJOErgw	28	1.0	0.0502659011369
808	317	eJWSSaLkYa4	167.567	UCxK8FgwjHujWeRj4aJOErgw	28	1.0	0.0502659011369
810	312	jRm_Mxi92to	37.7711	UCxK8FgwjHujWeRj4aJOErgw	28	1.0	0.0502659011369
812	336	jw2GIOb6UPc	490.19	UCxK8FgwjHujWeRj4aJOErgw	28	1.0	0.0502659011369
814	332	kltjzqFDQw8	560.093	UCxK8FgwjHujWeRj4aJOErgw	28	1.0	0.0502659011369
821	350	p_0tEafIC4U	21.8552	UCxK8FgwjHujWeRj4aJOErgw	28	0.835251568979	0.0502659011369
822	351	p_0tEafIC4U	504.304	UCxK8FgwjHujWeRj4aJOErgw	28	1.0	0.0502659011369
823	352	p_0tEafIC4U	13.7137	UCxK8FgwjHujWeRj4aJOErgw	28	0.976695249888	0.0502659011369
824	326	qH3f75vmJnw	116.583	UCxK8FgwjHujWeRj4aJOErgw	28	0.936060473306	0.0502659011369
826	342	r-WdSBpB384	68.7687	UCxK8FgwjHujWeRj4aJOErgw	28	0.991684177452	0.0502659011369
827	358	s8Tp1fRbGv0	597.197	UCxK8FgwjHujWeRj4aJOErgw	28	1.0	0.0502659011369
832	368	ujuavyc4RN8	21.5549	UCxK8FgwjHujWeRj4aJOErgw	28	0.804766427257	0.0502659011369
833	369	ujuavyc4RN8	16.2162	UCxK8FgwjHujWeRj4aJOErgw	28	1.0	0.0502659011369
834	370	ujuavyc4RN8	10.5105	UCxK8FgwjHujWeRj4aJOErgw	28	1.0	0.0502659011369
835	371	ujuavyc4RN8	286.319	UCxK8FgwjHujWeRj4aJOErgw	28	1.0	0.0502659011369
836	372	ujuavyc4RN8	1.13447	UCxK8FgwjHujWeRj4aJOErgw	28	1.0	0.0502659011369
837	355	wlvgdDJNrbg	219.686	UCxK8FgwjHujWeRj4aJOErgw	28	1.0	0.0502659011369
840	345	yJoZkDU7S5c	76.6432	UCxK8FgwjHujWeRj4aJOErgw	28	1.0	0.0502659011369
841	346	yJoZkDU7S5c	8.67533	UCxK8FgwjHujWeRj4aJOErgw	28	0.833325158174	0.0502659011369
842	379	64AiD8g3EuM	173.373	UCxW6kswHdM0gcRMopggPIvQ	22	1.0	0.0635248497283
845	389	A-8LzPyBP-g	123.457	UCxW6kswHdM0gcRMopggPIvQ	22	0.782920343404	0.0635248497283
847	383	BKEjp06wIbk	146.246	UCxW6kswHdM0gcRMopggPIvQ	22	0.882377343887	0.0635248497283
853	393	PhchsyTzUZs	109.676	UCxW6kswHdM0gcRMopggPIvQ	22	1.0	0.0635248497283
859	402	W3NhtfktX08	150.917	UCxW6kswHdM0gcRMopggPIvQ	22	0.954392206431	0.0635248497283
849	392	d216F8ZaikQ	276.71	UCxW6kswHdM0gcRMopggPIvQ	22	0.764376255716	0.0635248497283
850	390	eTy_4V_to24	67.434	UCxW6kswHdM0gcRMopggPIvQ	22	0.78475259244	0.0635248497283
851	381	m3GkYIwdrIk	103.804	UCxW6kswHdM0gcRMopggPIvQ	22	0.886105554632	0.0635248497283
854	411	sMdA3cyoWlk	120.62	UCxW6kswHdM0gcRMopggPIvQ	22	0.666029793967	0.0635248497283
855	412	sMdA3cyoWlk	109.776	UCxW6kswHdM0gcRMopggPIvQ	5	1.0	0.0500105308765
856	413	sMdA3cyoWlk	90.3236	UCxW6kswHdM0gcRMopggPIvQ	32	1.0	0.0670028681092
863	860	0-EKAyGQAkU	183.433	UCz09qEPPNLdP7BG3baywE8w	85	0.819190730593	0.120926611235
905	893	ZtqfcL1FFPo	53.0947	UCz09qEPPNLdP7BG3baywE8w	85	1.0	0.120926611235
886	871	lIsX1CpLJ5M	36.9953	UCz09qEPPNLdP7BG3baywE8w	85	1.0	0.120926611235
