	id	videoID	duration	channel	label	proba	pers
0	555	E0oQt8mtYK4	407.274	UC1LG7YDL7OLD6VvdPAmyjiA	3	1.0	0.104718363027
1	556	E0oQt8mtYK4	393.36	UC1LG7YDL7OLD6VvdPAmyjiA	5	1.0	0.0816517468478
5	558	TpwlVBgmrUc	370.871	UC1LG7YDL7OLD6VvdPAmyjiA	3	0.910370179583	0.104718363027
6	559	TpwlVBgmrUc	615.381	UC1LG7YDL7OLD6VvdPAmyjiA	5	1.0	0.0816517468478
3	544	rAXYNd1CA9A	537.203	UC1LG7YDL7OLD6VvdPAmyjiA	5	0.944203340939	0.0816517468478
4	545	rAXYNd1CA9A	559.492	UC1LG7YDL7OLD6VvdPAmyjiA	3	1.0	0.104718363027
7	560	yTM8ps35-24	544.677	UC1LG7YDL7OLD6VvdPAmyjiA	5	1.0	0.0816517468478
8	561	yTM8ps35-24	598.531	UC1LG7YDL7OLD6VvdPAmyjiA	3	1.0	0.104718363027
41	414	5uGpMmE7jQY	318.668	UC2FfW6_YHXUSfsndM2R37cQ	15	0.891534144434	0.0879827915223
44	434	F76ntKET30k	446.153	UC2FfW6_YHXUSfsndM2R37cQ	37	0.734961983197	0.0684770964278
45	435	F76ntKET30k	471.496	UC2FfW6_YHXUSfsndM2R37cQ	15	0.996409359006	0.0879827915223
46	417	V60JXBzi_Vc	480.942	UC2FfW6_YHXUSfsndM2R37cQ	15	1.0	0.0879827915223
42	415	cv22idODm9Y	239.773	UC2FfW6_YHXUSfsndM2R37cQ	27	0.93272711183	0.112412728771
43	416	cv22idODm9Y	222.889	UC2FfW6_YHXUSfsndM2R37cQ	15	1.0	0.0879827915223
9	103	-AJuqXp5YLQ	189.823	UC2bYhAHyaqfWlPXWBVk4BcA	28	0.892047884897	0.11888793393
11	80	-sOb5xtyfBI	261.294	UC2bYhAHyaqfWlPXWBVk4BcA	28	0.851056731117	0.11888793393
12	105	1Bz2BnK3Lio	87.2205	UC2bYhAHyaqfWlPXWBVk4BcA	28	0.994031104732	0.11888793393
13	108	3wDlEQ6wcPs	196.697	UC2bYhAHyaqfWlPXWBVk4BcA	28	0.994031104732	0.11888793393
15	121	9fTVHcXrdK0	127.995	UC2bYhAHyaqfWlPXWBVk4BcA	28	0.959088578578	0.11888793393
18	115	BiUF8qQrXMA	145.345	UC2bYhAHyaqfWlPXWBVk4BcA	28	0.896093689874	0.11888793393
19	114	CmM5nUMA_SA	167.968	UC2bYhAHyaqfWlPXWBVk4BcA	28	0.85336756381	0.11888793393
20	116	CqugMysYaIM	204.071	UC2bYhAHyaqfWlPXWBVk4BcA	28	0.88564298758	0.11888793393
28	125	EJh2HxD2YYg	121.021	UC2bYhAHyaqfWlPXWBVk4BcA	28	0.85243450845	0.11888793393
36	130	MrjF_C7lWKM	225.859	UC2bYhAHyaqfWlPXWBVk4BcA	28	0.785513782063	0.11888793393
17	113	aqIOxteRj6c	322.789	UC2bYhAHyaqfWlPXWBVk4BcA	28	0.905876073023	0.11888793393
21	117	ctv97Mj5iaI	87.4207	UC2bYhAHyaqfWlPXWBVk4BcA	28	1.0	0.11888793393
22	118	ctv97Mj5iaI	101.635	UC2bYhAHyaqfWlPXWBVk4BcA	28	0.714209542065	0.11888793393
24	127	d3g2tUCAEHQ	238.305	UC2bYhAHyaqfWlPXWBVk4BcA	28	0.93563381007	0.11888793393
29	126	ht9BRzbz9j4	250.851	UC2bYhAHyaqfWlPXWBVk4BcA	28	1.0	0.11888793393
31	139	hzBk_Q1gA_g	161.728	UC2bYhAHyaqfWlPXWBVk4BcA	28	1.0	0.11888793393
34	146	mmX-F7I4NYA	265.298	UC2bYhAHyaqfWlPXWBVk4BcA	28	0.938410639677	0.11888793393
37	134	pUOiGPTZMhQ	204.504	UC2bYhAHyaqfWlPXWBVk4BcA	28	0.973870068881	0.11888793393
39	151	t08qE40UByc	338.071	UC2bYhAHyaqfWlPXWBVk4BcA	28	0.834561137215	0.11888793393
40	147	yIa7B8UF384	113.413	UC2bYhAHyaqfWlPXWBVk4BcA	28	0.953593199175	0.11888793393
48	263	1EUt85Apcbg	28.2525	UC45zwHCRNT5jA8sC5DUW7oQ	37	0.707343188894	0.0684770964278
50	310	1WEosoTt-7s	400.248	UC45zwHCRNT5jA8sC5DUW7oQ	37	0.883352912018	0.0684770964278
52	299	6aDheKJXEZw	79.2651	UC45zwHCRNT5jA8sC5DUW7oQ	37	1.0	0.0684770964278
53	300	6aDheKJXEZw	15.7995	UC45zwHCRNT5jA8sC5DUW7oQ	37	1.0	0.0684770964278
57	292	GDFa5kL9ng8	228.272	UC45zwHCRNT5jA8sC5DUW7oQ	37	0.909292071236	0.0684770964278
61	328	HuX4szgyXlI	262.679	UC45zwHCRNT5jA8sC5DUW7oQ	27	0.948732992603	0.112412728771
62	329	HuX4szgyXlI	221.644	UC45zwHCRNT5jA8sC5DUW7oQ	37	0.811627476532	0.0684770964278
64	324	SIlvvCrso1s	238.506	UC45zwHCRNT5jA8sC5DUW7oQ	15	1.0	0.0879827915223
65	325	SIlvvCrso1s	264.951	UC45zwHCRNT5jA8sC5DUW7oQ	37	0.710865558857	0.0684770964278
68	319	ZdE96tb6hWg	265.274	UC45zwHCRNT5jA8sC5DUW7oQ	37	0.889996799566	0.0684770964278
69	320	ZdE96tb6hWg	49.3394	UC45zwHCRNT5jA8sC5DUW7oQ	37	0.711701714049	0.0684770964278
70	321	ZdE96tb6hWg	13.724	UC45zwHCRNT5jA8sC5DUW7oQ	37	0.708985746573	0.0684770964278
54	289	bRIrLzMxYus	199.317	UC45zwHCRNT5jA8sC5DUW7oQ	37	0.710403752853	0.0684770964278
55	290	bRIrLzMxYus	28.0817	UC45zwHCRNT5jA8sC5DUW7oQ	1	1.0	0.179751206624
58	304	hLNnT2qQ8RU	270.227	UC45zwHCRNT5jA8sC5DUW7oQ	37	0.798459473789	0.0684770964278
63	306	pyRn9o-jC8s	287.547	UC45zwHCRNT5jA8sC5DUW7oQ	37	0.674426377584	0.0684770964278
71	451	1BqvxnuhE_w	44.8448	UC70WKHZ1X9qIXWmNr0qHGmw	9	0.930155073085	0.0811002763619
72	456	3wMRYYtqH2Q	69.6696	UC70WKHZ1X9qIXWmNr0qHGmw	9	1.0	0.0811002763619
74	488	4qlNnrUdBfE	75.075	UC70WKHZ1X9qIXWmNr0qHGmw	9	1.0	0.0811002763619
76	466	EkKhXt_MpWs	61.7283	UC70WKHZ1X9qIXWmNr0qHGmw	9	0.990210788079	0.0811002763619
79	473	GBCxYaCv_Xw	73.8738	UC70WKHZ1X9qIXWmNr0qHGmw	9	0.997456367077	0.0811002763619
80	474	GBCxYaCv_Xw	11.1111	UC70WKHZ1X9qIXWmNr0qHGmw	48	1.0	0.378584681368
89	480	Otvxw9mT8n0	65.8324	UC70WKHZ1X9qIXWmNr0qHGmw	9	1.0	0.0811002763619
90	481	Otvxw9mT8n0	22.1888	UC70WKHZ1X9qIXWmNr0qHGmw	40	1.0	0.0733056771571
95	493	TGQTGAxsT0Y	45.5121	UC70WKHZ1X9qIXWmNr0qHGmw	9	0.997456367077	0.0811002763619
96	484	TO93lGyUsU8	53.7537	UC70WKHZ1X9qIXWmNr0qHGmw	9	0.906899680716	0.0811002763619
97	494	XCr2HPxyK7I	56.0894	UC70WKHZ1X9qIXWmNr0qHGmw	9	0.919592852306	0.0811002763619
98	495	YwWlHTB1Ya4	42.3423	UC70WKHZ1X9qIXWmNr0qHGmw	9	0.914478144133	0.0811002763619
99	498	Zec3Op2Vr_Q	47.681	UC70WKHZ1X9qIXWmNr0qHGmw	9	0.982801046745	0.0811002763619
75	465	aQGQSqgpuCY	68.3016	UC70WKHZ1X9qIXWmNr0qHGmw	9	0.785017667383	0.0811002763619
81	477	gr-O-4bnqsk	38.1047	UC70WKHZ1X9qIXWmNr0qHGmw	9	0.925896502435	0.0811002763619
83	501	jUqrx5RUJX4	17.2172	UC70WKHZ1X9qIXWmNr0qHGmw	26	0.720111056977	0.0917769203994
91	507	r5Bhgqxl4iM	414.481	UC70WKHZ1X9qIXWmNr0qHGmw	9	0.895424437384	0.0811002763619
101	13	2Ia8-ihCg-8	36.9035	UC7CEVQbvZ6-uy6TRH_c6scg	26	0.952079597963	0.0917769203994
103	16	79Wql8OmL3o	40.2736	UC7CEVQbvZ6-uy6TRH_c6scg	26	0.893744845275	0.0917769203994
105	18	79Wql8OmL3o	5.97263	UC7CEVQbvZ6-uy6TRH_c6scg	9	0.833783541127	0.0811002763619
106	4	9wxF1UC1rWY	38.5051	UC7CEVQbvZ6-uy6TRH_c6scg	26	1.0	0.0917769203994
128	32	CQtftDuEhy0	74.9082	UC7CEVQbvZ6-uy6TRH_c6scg	26	0.80885461024	0.0917769203994
129	33	CQtftDuEhy0	47.9479	UC7CEVQbvZ6-uy6TRH_c6scg	26	0.681607393698	0.0917769203994
135	41	Iczb5exOpLs	273.54	UC7CEVQbvZ6-uy6TRH_c6scg	26	0.733357847287	0.0917769203994
140	26771	R877MkpxxUU	34.9349	UC7CEVQbvZ6-uy6TRH_c6scg	26	0.856680627752	0.0917769203994
141	26772	R877MkpxxUU	7.5075	UC7CEVQbvZ6-uy6TRH_c6scg	40	1.0	0.0733056771571
142	26773	R877MkpxxUU	0.633967	UC7CEVQbvZ6-uy6TRH_c6scg	48	0.492506590643	0.378584681368
143	26774	R877MkpxxUU	7.5075	UC7CEVQbvZ6-uy6TRH_c6scg	10	1.0	0.0959096970609
144	43	UFfFaSM2b8A	575.375	UC7CEVQbvZ6-uy6TRH_c6scg	26	0.764229239589	0.0917769203994
151	19	ZV0LbCU3QSQ	44.411	UC7CEVQbvZ6-uy6TRH_c6scg	26	0.955569885534	0.0917769203994
114	9	bsLG6JpGzWg	30.7974	UC7CEVQbvZ6-uy6TRH_c6scg	26	0.969544323156	0.0917769203994
115	10	bsLG6JpGzWg	14.5812	UC7CEVQbvZ6-uy6TRH_c6scg	26	0.677831802801	0.0917769203994
118	2	cF4yvjbQgL0	29.3627	UC7CEVQbvZ6-uy6TRH_c6scg	26	0.790052239783	0.0917769203994
130	15	d9EUOkCt1aU	44.411	UC7CEVQbvZ6-uy6TRH_c6scg	26	0.853091214299	0.0917769203994
131	22	e_lgoIriXf8	41.7751	UC7CEVQbvZ6-uy6TRH_c6scg	26	0.928057515835	0.0917769203994
133	21	g7iLJqafwzk	42.6426	UC7CEVQbvZ6-uy6TRH_c6scg	26	0.815596006994	0.0917769203994
134	12	gg33UczgsUI	39.1057	UC7CEVQbvZ6-uy6TRH_c6scg	26	0.782435402793	0.0917769203994
137	49	mX10Ifcg3tk	60.2602	UC7CEVQbvZ6-uy6TRH_c6scg	26	0.766568077025	0.0917769203994
138	50	mX10Ifcg3tk	67.5675	UC7CEVQbvZ6-uy6TRH_c6scg	26	0.887379988848	0.0917769203994
139	51	mX10Ifcg3tk	89.089	UC7CEVQbvZ6-uy6TRH_c6scg	26	0.833748749518	0.0917769203994
146	26791	v5176SOv28M	53.7203	UC7CEVQbvZ6-uy6TRH_c6scg	26	0.878723938771	0.0917769203994
148	34	y9LqQMSZ0zU	48.1481	UC7CEVQbvZ6-uy6TRH_c6scg	26	1.0	0.0917769203994
153	252	5qwPM7N2ekA	332.432	UC8aTvyjY38Qf5rS1xBOWI3w	35	0.897094286713	0.104432200097
154	265	Af5jV9lZJAc	418.084	UC8aTvyjY38Qf5rS1xBOWI3w	21	0.904086545493	0.137186368879
155	266	Af5jV9lZJAc	476.843	UC8aTvyjY38Qf5rS1xBOWI3w	35	0.881181004428	0.104432200097
161	267	PXwYJmd_iTg	355.255	UC8aTvyjY38Qf5rS1xBOWI3w	35	0.933594578337	0.104432200097
171	281	QqeDeD1v34c	23.6679	UC8aTvyjY38Qf5rS1xBOWI3w	35	0.906048904923	0.104432200097
173	258	UIc8aK4WsN4	457.057	UC8aTvyjY38Qf5rS1xBOWI3w	35	0.900178168433	0.104432200097
156	253	jcB_Q7uVr78	95.462	UC8aTvyjY38Qf5rS1xBOWI3w	35	1.0	0.104432200097
174	259	wpcfugXwWFQ	105.539	UC8aTvyjY38Qf5rS1xBOWI3w	21	0.83669911946	0.137186368879
176	261	wpcfugXwWFQ	221.755	UC8aTvyjY38Qf5rS1xBOWI3w	35	1.0	0.104432200097
179	743	395DPCLQfQw	62.3623	UCB826yhc1dm8-MEX1x55yAQ	8	1.0	0.197126427166
181	771	5yZgm-IhG0A	43.6436	UCB826yhc1dm8-MEX1x55yAQ	8	0.812980974202	0.197126427166
183	807	EOyfUb8ikoo	57.8912	UCB826yhc1dm8-MEX1x55yAQ	8	0.995588103144	0.197126427166
186	812	FpxLIqmFWfY	103.403	UCB826yhc1dm8-MEX1x55yAQ	8	0.897113736766	0.197126427166
191	833	PhEWVXntA4I	32.9996	UCB826yhc1dm8-MEX1x55yAQ	8	0.810521335715	0.197126427166
193	832	PxYHFVzfuS0	78.7787	UCB826yhc1dm8-MEX1x55yAQ	8	0.929947896387	0.197126427166
198	848	QxrQ-GvV40c	86.7533	UCB826yhc1dm8-MEX1x55yAQ	8	0.894426503962	0.197126427166
204	841	YnGnGpqCVSQ	97.8978	UCB826yhc1dm8-MEX1x55yAQ	8	0.846627319581	0.197126427166
206	843	YnGnGpqCVSQ	10.644	UCB826yhc1dm8-MEX1x55yAQ	40	1.0	0.0733056771571
207	844	YnGnGpqCVSQ	10.6773	UCB826yhc1dm8-MEX1x55yAQ	10	1.0	0.0959096970609
208	845	YnGnGpqCVSQ	9.7097	UCB826yhc1dm8-MEX1x55yAQ	48	0.451702540178	0.378584681368
209	846	YnGnGpqCVSQ	10.6773	UCB826yhc1dm8-MEX1x55yAQ	48	1.0	0.378584681368
210	847	YnGnGpqCVSQ	11.6116	UCB826yhc1dm8-MEX1x55yAQ	30	0.542659128096	0.230304084172
182	808	dLtBXB6cn2I	112.446	UCB826yhc1dm8-MEX1x55yAQ	8	1.0	0.197126427166
188	809	hLWXWeqg4Ys	56.8234	UCB826yhc1dm8-MEX1x55yAQ	8	0.881449609256	0.197126427166
189	831	iydBohK2SjM	57.4908	UCB826yhc1dm8-MEX1x55yAQ	8	0.962779512495	0.197126427166
190	819	jaRwkLmGKsg	30.6306	UCB826yhc1dm8-MEX1x55yAQ	8	0.850748948497	0.197126427166
194	850	q7KN_Fr8yrk	393.326	UCB826yhc1dm8-MEX1x55yAQ	8	0.767355798267	0.197126427166
196	835	qXArEttSkwU	101.935	UCB826yhc1dm8-MEX1x55yAQ	8	0.846193646873	0.197126427166
200	839	rRivD2UvdgQ	152.652	UCB826yhc1dm8-MEX1x55yAQ	8	0.930669363865	0.197126427166
201	840	rRivD2UvdgQ	13.8805	UCB826yhc1dm8-MEX1x55yAQ	8	0.661435953652	0.197126427166
202	837	t3vFeKqOAyU	110.41	UCB826yhc1dm8-MEX1x55yAQ	8	0.968959589912	0.197126427166
444	378	9pugTn8WhHw	331.097	UCEbv-pDOAaKEwfIAZw63JsQ	13	0.885234230417	0.0987748051858
446	497	A4uePrJ1bGk	4209.34	UCEbv-pDOAaKEwfIAZw63JsQ	13	0.863420406665	0.0987748051858
447	386	C0WaAJTA2fc	482.215	UCEbv-pDOAaKEwfIAZw63JsQ	13	1.0	0.0987748051858
451	385	Hi4e40e1-cg	368.969	UCEbv-pDOAaKEwfIAZw63JsQ	13	0.942021416861	0.0987748051858
452	374	PCGdBb8g87k	73.1064	UCEbv-pDOAaKEwfIAZw63JsQ	13	1.0	0.0987748051858
454	398	Q4WWY0LpfRY	95.8624	UCEbv-pDOAaKEwfIAZw63JsQ	13	0.940778481406	0.0987748051858
457	395	XrTHuXXx0hw	217.951	UCEbv-pDOAaKEwfIAZw63JsQ	13	0.914108190058	0.0987748051858
436	403	_AEdiP5JiZM	60.2602	UCEbv-pDOAaKEwfIAZw63JsQ	13	0.919460257871	0.0987748051858
449	396	dLRQJYJ7hIs	166.366	UCEbv-pDOAaKEwfIAZw63JsQ	13	1.0	0.0987748051858
450	397	dLRQJYJ7hIs	167.367	UCEbv-pDOAaKEwfIAZw63JsQ	13	0.849818977181	0.0987748051858
458	152	-INOYZ5liIM	62.6594	UCFN_n9FTABlwDsB1ncWUBMQ	11	1.0	0.157503653956
459	153	-INOYZ5liIM	51.4129	UCFN_n9FTABlwDsB1ncWUBMQ	11	1.0	0.157503653956
461	131	Fobcg-lzLiQ	21.5224	UCFN_n9FTABlwDsB1ncWUBMQ	11	0.741227806873	0.157503653956
462	132	Fobcg-lzLiQ	21.3885	UCFN_n9FTABlwDsB1ncWUBMQ	11	0.724802651336	0.157503653956
463	133	Fobcg-lzLiQ	11.7152	UCFN_n9FTABlwDsB1ncWUBMQ	11	0.643817892525	0.157503653956
464	203	HFnARO22HgM	324.262	UCFN_n9FTABlwDsB1ncWUBMQ	11	0.671769571669	0.157503653956
468	163	HkpqUeqRkQs	167.276	UCFN_n9FTABlwDsB1ncWUBMQ	11	0.784912469701	0.157503653956
472	160	KW19GuAX9P8	31.2944	UCFN_n9FTABlwDsB1ncWUBMQ	11	0.850716373679	0.157503653956
473	161	KW19GuAX9P8	30.6919	UCFN_n9FTABlwDsB1ncWUBMQ	11	0.678518406062	0.157503653956
474	150	UmLtGlCHqJM	65.6784	UCFN_n9FTABlwDsB1ncWUBMQ	11	0.835302284693	0.157503653956
475	166	YdJ9oDUipgk	8.66912	UCFN_n9FTABlwDsB1ncWUBMQ	11	0.830497308968	0.157503653956
476	167	YdJ9oDUipgk	88.8668	UCFN_n9FTABlwDsB1ncWUBMQ	11	1.0	0.157503653956
477	168	YdJ9oDUipgk	8.70259	UCFN_n9FTABlwDsB1ncWUBMQ	11	0.787668377294	0.157503653956
460	145	cWa3a8DbJ0A	165.472	UCFN_n9FTABlwDsB1ncWUBMQ	11	0.700306193291	0.157503653956
471	156	k0ndRUXNyDM	50.9825	UCFN_n9FTABlwDsB1ncWUBMQ	11	0.85103564703	0.157503653956
478	516	-8w7uwhi9uw	128.929	UCFOEjz0jo07W8bpEHomEgHg	40	0.839707784247	0.0733056771571
479	517	-8w7uwhi9uw	70.5371	UCFOEjz0jo07W8bpEHomEgHg	40	0.921262588045	0.0733056771571
480	509	-GEdGdVnvH8	359.492	UCFOEjz0jo07W8bpEHomEgHg	40	1.0	0.0733056771571
481	510	-GEdGdVnvH8	88.5885	UCFOEjz0jo07W8bpEHomEgHg	40	0.802311335975	0.0733056771571
482	526	5002Ic7nSe0	168.168	UCFOEjz0jo07W8bpEHomEgHg	40	1.0	0.0733056771571
487	514	667uThulND8	9.7097	UCFOEjz0jo07W8bpEHomEgHg	40	0.890217598732	0.0733056771571
488	515	667uThulND8	199.566	UCFOEjz0jo07W8bpEHomEgHg	40	1.0	0.0733056771571
497	533	B2BcUxh5SyU	251.585	UCFOEjz0jo07W8bpEHomEgHg	40	1.0	0.0733056771571
500	538	KVGQQNQ97Qc	235.102	UCFOEjz0jo07W8bpEHomEgHg	40	1.0	0.0733056771571
502	546	NnUXSbPq6DU	360.227	UCFOEjz0jo07W8bpEHomEgHg	40	1.0	0.0733056771571
505	548	RJLpPDJDs4Q	9.54287	UCFOEjz0jo07W8bpEHomEgHg	40	0.858006514471	0.0733056771571
506	549	RJLpPDJDs4Q	37.2038	UCFOEjz0jo07W8bpEHomEgHg	40	0.903927132042	0.0733056771571
507	550	RJLpPDJDs4Q	247.581	UCFOEjz0jo07W8bpEHomEgHg	40	1.0	0.0733056771571
509	535	RyMZcq2PNPk	3.83717	UCFOEjz0jo07W8bpEHomEgHg	40	0.911973354399	0.0733056771571
511	537	RyMZcq2PNPk	55.7557	UCFOEjz0jo07W8bpEHomEgHg	40	0.889125015806	0.0733056771571
514	551	W2MJHkK7lcQ	93.5935	UCFOEjz0jo07W8bpEHomEgHg	40	0.773156102768	0.0733056771571
516	553	W2MJHkK7lcQ	47.1471	UCFOEjz0jo07W8bpEHomEgHg	40	0.9009670166	0.0733056771571
517	554	W2MJHkK7lcQ	165.365	UCFOEjz0jo07W8bpEHomEgHg	40	0.986046277222	0.0733056771571
518	541	XY9IZKTs3vw	248.749	UCFOEjz0jo07W8bpEHomEgHg	40	0.893744874586	0.0733056771571
489	520	aEI-szvexhU	341.975	UCFOEjz0jo07W8bpEHomEgHg	40	1.0	0.0733056771571
498	518	earXfvWlHeE	288.121	UCFOEjz0jo07W8bpEHomEgHg	40	0.8986379486	0.0733056771571
504	528	pW8yVWV51uU	278.478	UCFOEjz0jo07W8bpEHomEgHg	40	1.0	0.0733056771571
512	529	vmdVQZmsH3w	324.524	UCFOEjz0jo07W8bpEHomEgHg	40	0.838712557199	0.0733056771571
582	363	2A05w8rYSVE	413.713	UCGzDZn8uoXFz0-HyipnaWnw	17	1.0	0.194144656807
584	360	BupEyfVxLRA	270.57	UCGzDZn8uoXFz0-HyipnaWnw	17	1.0	0.194144656807
585	339	D1g0501pm3o	105.872	UCGzDZn8uoXFz0-HyipnaWnw	17	0.843399290366	0.194144656807
588	361	ER2Idvi2Xc4	220.487	UCGzDZn8uoXFz0-HyipnaWnw	17	1.0	0.194144656807
587	364	Ec_yt6qVMQI	345.845	UCGzDZn8uoXFz0-HyipnaWnw	17	1.0	0.194144656807
594	353	RdbOMula7mM	24.5912	UCGzDZn8uoXFz0-HyipnaWnw	17	0.957329359236	0.194144656807
598	366	UsCVUOaZvYs	226.693	UCGzDZn8uoXFz0-HyipnaWnw	17	1.0	0.194144656807
583	338	aKKxmZNB9JU	82.2488	UCGzDZn8uoXFz0-HyipnaWnw	17	0.987337760098	0.194144656807
591	344	knr4rxblV_8	37.7377	UCGzDZn8uoXFz0-HyipnaWnw	17	0.883067671471	0.194144656807
592	376	lUC84KypwD8	635.301	UCGzDZn8uoXFz0-HyipnaWnw	17	0.97221244445	0.194144656807
596	373	svwRUYj2F8w	198.498	UCGzDZn8uoXFz0-HyipnaWnw	17	1.0	0.194144656807
605	769	6_Je_UImW1o	29.7631	UCIVFEaKHBomhznMRX2aiQEQ	29	0.853657799669	0.0515961661264
606	770	6_Je_UImW1o	31.7651	UCIVFEaKHBomhznMRX2aiQEQ	29	0.964268106796	0.0515961661264
607	732	CG2rsv2Hgos	21.7899	UCIVFEaKHBomhznMRX2aiQEQ	29	0.868104765424	0.0515961661264
609	734	CG2rsv2Hgos	79.6015	UCIVFEaKHBomhznMRX2aiQEQ	39	0.898112019941	0.0667042120324
614	740	HT-cvmZXj5g	29.7964	UCIVFEaKHBomhznMRX2aiQEQ	39	0.840037852751	0.0667042120324
615	741	HT-cvmZXj5g	110.177	UCIVFEaKHBomhznMRX2aiQEQ	29	1.0	0.0515961661264
617	798	IwJYen9pIa4	358.42	UCIVFEaKHBomhznMRX2aiQEQ	29	0.973475525963	0.0515961661264
618	799	IwJYen9pIa4	354.479	UCIVFEaKHBomhznMRX2aiQEQ	39	1.0	0.0667042120324
611	763	dvUrPh9RAHw	375.831	UCIVFEaKHBomhznMRX2aiQEQ	29	1.0	0.0515961661264
619	745	kByHayr2tpU	115.357	UCIVFEaKHBomhznMRX2aiQEQ	29	0.862931596402	0.0515961661264
620	746	kByHayr2tpU	33.5737	UCIVFEaKHBomhznMRX2aiQEQ	39	1.0	0.0667042120324
621	821	oJ0zV-ij18s	17.6907	UCIVFEaKHBomhznMRX2aiQEQ	39	0.820150246721	0.0667042120324
623	823	oJ0zV-ij18s	241.598	UCIVFEaKHBomhznMRX2aiQEQ	29	1.0	0.0515961661264
625	825	oJ0zV-ij18s	96.9769	UCIVFEaKHBomhznMRX2aiQEQ	39	0.94779130205	0.0667042120324
626	820	oPLGxzw7xu4	28.8288	UCIVFEaKHBomhznMRX2aiQEQ	29	0.844886473427	0.0515961661264
627	816	rVmhC8dyjng	301.257	UCIVFEaKHBomhznMRX2aiQEQ	39	0.989771577509	0.0667042120324
628	817	rVmhC8dyjng	291.166	UCIVFEaKHBomhznMRX2aiQEQ	29	0.931476964342	0.0515961661264
630	759	tOrqSUBdKCo	81.5417	UCIVFEaKHBomhznMRX2aiQEQ	29	0.836539449422	0.0515961661264
632	814	uYuwBkWPCRQ	682.085	UCIVFEaKHBomhznMRX2aiQEQ	39	0.830910673199	0.0667042120324
633	815	uYuwBkWPCRQ	659.932	UCIVFEaKHBomhznMRX2aiQEQ	29	0.779195449718	0.0515961661264
787	287	98f54-WaGi0	836.135	UCW-NL7CT8lQcJz843AAwtZQ	27	0.922179998919	0.112412728771
789	268	H_JRrIpB_pA	278.879	UCW-NL7CT8lQcJz843AAwtZQ	27	0.827717490234	0.112412728771
791	279	JJjMymOQZWI	361.494	UCW-NL7CT8lQcJz843AAwtZQ	27	0.910924761177	0.112412728771
799	294	W6UnPNOW4zs	75.9092	UCW-NL7CT8lQcJz843AAwtZQ	15	0.858604724008	0.0879827915223
800	296	W6UnPNOW4zs	407.908	UCW-NL7CT8lQcJz843AAwtZQ	27	0.985627607683	0.112412728771
803	308	Z9xT4Lw4YvQ	399.032	UCW-NL7CT8lQcJz843AAwtZQ	27	1.0	0.112412728771
804	309	Z9xT4Lw4YvQ	71.8051	UCW-NL7CT8lQcJz843AAwtZQ	37	0.707718979056	0.0684770964278
783	293	_80emZkgKpI	278.845	UCW-NL7CT8lQcJz843AAwtZQ	1	1.0	0.179751206624
784	295	_80emZkgKpI	283.183	UCW-NL7CT8lQcJz843AAwtZQ	27	1.0	0.112412728771
785	298	_80emZkgKpI	228.495	UCW-NL7CT8lQcJz843AAwtZQ	37	0.975505735583	0.0684770964278
793	301	nYAD1hA9EWk	400.7	UCW-NL7CT8lQcJz843AAwtZQ	1	1.0	0.179751206624
794	302	nYAD1hA9EWk	397.631	UCW-NL7CT8lQcJz843AAwtZQ	27	0.93272711183	0.112412728771
795	303	nYAD1hA9EWk	61.2278	UCW-NL7CT8lQcJz843AAwtZQ	15	0.983289806252	0.0879827915223
797	284	rDUSnEokd5s	467.2	UCW-NL7CT8lQcJz843AAwtZQ	27	0.875546124021	0.112412728771
211	691	1q2xNJlSNyk	100.334	UCbxeWUKWro8bMscsa36-BtA	42	1.0	0.0816203868153
212	692	1q2xNJlSNyk	16.7834	UCbxeWUKWro8bMscsa36-BtA	42	0.985775207347	0.0816203868153
215	700	2GeIU_QybFg	177.511	UCbxeWUKWro8bMscsa36-BtA	42	0.987578047714	0.0816203868153
217	693	2xoxCVOZwas	466.666	UCbxeWUKWro8bMscsa36-BtA	42	1.0	0.0816203868153
218	686	4Qz9G0Ny7tU	16.7834	UCbxeWUKWro8bMscsa36-BtA	42	0.825259267663	0.0816203868153
223	694	8L9LD22budg	140.374	UCbxeWUKWro8bMscsa36-BtA	42	0.973892065596	0.0816203868153
225	697	8ZVzpzTIUjs	235.769	UCbxeWUKWro8bMscsa36-BtA	42	0.935782248888	0.0816203868153
230	716	B18Yur2bvkI	147.714	UCbxeWUKWro8bMscsa36-BtA	42	1.0	0.0816203868153
232	718	C8tlm_j_Xbg	326.56	UCbxeWUKWro8bMscsa36-BtA	42	1.0	0.0816203868153
234	724	F5JbvB2qd_I	305.805	UCbxeWUKWro8bMscsa36-BtA	42	1.0	0.0816203868153
237	713	H4zeaoDEzgU	186.987	UCbxeWUKWro8bMscsa36-BtA	42	0.988402869694	0.0816203868153
241	722	HbvPR2ipKwU	186.019	UCbxeWUKWro8bMscsa36-BtA	42	0.946841697092	0.0816203868153
242	727	J4jirMoR7X4	193.193	UCbxeWUKWro8bMscsa36-BtA	42	1.0	0.0816203868153
246	761	LIqDkHoshBk	103.937	UCbxeWUKWro8bMscsa36-BtA	42	0.946841697092	0.0816203868153
247	762	LIqDkHoshBk	104.571	UCbxeWUKWro8bMscsa36-BtA	6	1.0	0.078565332141
244	723	Lha914AL56E	37.3373	UCbxeWUKWro8bMscsa36-BtA	42	1.0	0.0816203868153
249	729	OUE8nkHEwlo	121.255	UCbxeWUKWro8bMscsa36-BtA	42	0.92393930907	0.0816203868153
268	738	WNA04ZgltEo	337.571	UCbxeWUKWro8bMscsa36-BtA	42	0.967647922527	0.0816203868153
272	775	WrqsfV9Hiwk	5.7057	UCbxeWUKWro8bMscsa36-BtA	6	1.0	0.078565332141
276	779	WrqsfV9Hiwk	122.322	UCbxeWUKWro8bMscsa36-BtA	42	1.0	0.0816203868153
298	806	XKOwncyuNu0	43.4768	UCbxeWUKWro8bMscsa36-BtA	42	1.0	0.0816203868153
299	757	XyAPKdvKWhY	103.904	UCbxeWUKWro8bMscsa36-BtA	42	1.0	0.0816203868153
236	696	fSRJJb3LgUs	122.089	UCbxeWUKWro8bMscsa36-BtA	42	0.873734324575	0.0816203868153
248	731	nNSHkRgWE_M	279.579	UCbxeWUKWro8bMscsa36-BtA	42	1.0	0.0816203868153
252	737	qCD3CA1jIBw	315.982	UCbxeWUKWro8bMscsa36-BtA	42	1.0	0.0816203868153
253	747	riPptnaMRe8	209.643	UCbxeWUKWro8bMscsa36-BtA	42	1.0	0.0816203868153
259	753	tFvm_aEzEe0	148.081	UCbxeWUKWro8bMscsa36-BtA	42	1.0	0.0816203868153
263	826	uADTIg1FIxM	371.171	UCbxeWUKWro8bMscsa36-BtA	6	1.0	0.078565332141
267	830	uADTIg1FIxM	276.143	UCbxeWUKWro8bMscsa36-BtA	42	0.952451728344	0.0816203868153
311	563	6GuCgWGkYQg	13.2215	UCdMdGdabsaWIzSbmE1phGBQ	31	0.788325547124	0.0776306741209
312	564	6GuCgWGkYQg	13.0547	UCdMdGdabsaWIzSbmE1phGBQ	31	0.965393202053	0.0776306741209
332	628	BHLZttNXIQg	152.886	UCdMdGdabsaWIzSbmE1phGBQ	25	0.733142502714	0.0708998848124
326	636	BfYMebQS5lU	514.948	UCdMdGdabsaWIzSbmE1phGBQ	31	1.0	0.0776306741209
344	579	I9tdzISTXmA	1.3013	UCdMdGdabsaWIzSbmE1phGBQ	13	0.685454854501	0.0987748051858
358	632	KXeM4aWWLDU	92.8928	UCdMdGdabsaWIzSbmE1phGBQ	25	1.0	0.0708998848124
359	633	KXeM4aWWLDU	63.3299	UCdMdGdabsaWIzSbmE1phGBQ	31	0.922254331523	0.0776306741209
372	602	N3jg9JsMPRU	20.5205	UCdMdGdabsaWIzSbmE1phGBQ	31	1.0	0.0776306741209
373	587	NKHJg-P4m2A	9.17583	UCdMdGdabsaWIzSbmE1phGBQ	30	0.618202891387	0.230304084172
380	618	PcRkWLoM7Io	14.3477	UCdMdGdabsaWIzSbmE1phGBQ	25	0.909872424481	0.0708998848124
381	619	PcRkWLoM7Io	13.9139	UCdMdGdabsaWIzSbmE1phGBQ	31	0.748290783638	0.0776306741209
383	621	PcRkWLoM7Io	25.5255	UCdMdGdabsaWIzSbmE1phGBQ	31	0.978013147406	0.0776306741209
401	648	R8v-jXyGKV8	116.617	UCdMdGdabsaWIzSbmE1phGBQ	31	0.893551388931	0.0776306741209
402	649	R8v-jXyGKV8	57.0236	UCdMdGdabsaWIzSbmE1phGBQ	25	0.974794654114	0.0708998848124
389	667	R_KvD57QELw	122.255	UCdMdGdabsaWIzSbmE1phGBQ	25	0.76242611397	0.0708998848124
391	669	R_KvD57QELw	126.627	UCdMdGdabsaWIzSbmE1phGBQ	31	0.928906005939	0.0776306741209
319	610	bcnFRtlINPk	67.0336	UCdMdGdabsaWIzSbmE1phGBQ	31	0.762596569862	0.0776306741209
338	609	eD2K7qraaO4	193.794	UCdMdGdabsaWIzSbmE1phGBQ	25	0.864249877211	0.0708998848124
376	645	o9NtLP901U0	504.437	UCdMdGdabsaWIzSbmE1phGBQ	31	0.797213264462	0.0776306741209
387	642	pzP3K6pGsTc	270.036	UCdMdGdabsaWIzSbmE1phGBQ	25	1.0	0.0708998848124
388	643	pzP3K6pGsTc	157.09	UCdMdGdabsaWIzSbmE1phGBQ	31	0.863132494451	0.0776306741209
407	657	rGS4yUZb0fE	286.186	UCdMdGdabsaWIzSbmE1phGBQ	25	0.973237082299	0.0708998848124
420	678	vitAlSupvjo	104.271	UCdMdGdabsaWIzSbmE1phGBQ	31	0.886143653181	0.0776306741209
422	680	xPDP7k5uWXM	339.506	UCdMdGdabsaWIzSbmE1phGBQ	31	1.0	0.0776306741209
433	707	z8QcVpTDEcU	139.139	UCdMdGdabsaWIzSbmE1phGBQ	25	0.977361837812	0.0708998848124
519	148	2cUYtO6LSEc	45.6456	UCfYZRHQWV-evwn5kzQsK2Gg	30	0.892540998363	0.230304084172
520	179	4M_zgvhibug	567.567	UCfYZRHQWV-evwn5kzQsK2Gg	30	0.838975224635	0.230304084172
521	149	71A6NP58V44	74.6079	UCfYZRHQWV-evwn5kzQsK2Gg	30	0.916930985373	0.230304084172
522	154	9n-FF9L9xtg	50.6172	UCfYZRHQWV-evwn5kzQsK2Gg	30	1.0	0.230304084172
524	157	CewT_DtQuXQ	51.1511	UCfYZRHQWV-evwn5kzQsK2Gg	30	1.0	0.230304084172
532	174	DFxgP-_tcEw	26.4931	UCfYZRHQWV-evwn5kzQsK2Gg	30	0.560828193837	0.230304084172
533	175	DFxgP-_tcEw	13.7471	UCfYZRHQWV-evwn5kzQsK2Gg	30	0.516096590129	0.230304084172
534	176	DsfD0xgNwc8	90.0233	UCfYZRHQWV-evwn5kzQsK2Gg	30	0.690245442397	0.230304084172
537	177	GYsgLFZgd94	78.2448	UCfYZRHQWV-evwn5kzQsK2Gg	30	0.586206640716	0.230304084172
547	189	OZcotJaPDSw	8.04137	UCfYZRHQWV-evwn5kzQsK2Gg	40	1.0	0.0733056771571
548	190	OZcotJaPDSw	8.04137	UCfYZRHQWV-evwn5kzQsK2Gg	10	1.0	0.0959096970609
549	191	OZcotJaPDSw	8.04137	UCfYZRHQWV-evwn5kzQsK2Gg	48	1.0	0.378584681368
550	192	OZcotJaPDSw	6.97363	UCfYZRHQWV-evwn5kzQsK2Gg	48	0.476941589651	0.378584681368
552	194	OZcotJaPDSw	9.64297	UCfYZRHQWV-evwn5kzQsK2Gg	30	0.540051269997	0.230304084172
553	195	OZcotJaPDSw	56.1561	UCfYZRHQWV-evwn5kzQsK2Gg	30	0.917221848954	0.230304084172
545	201	Oj9OKfncYZk	179.246	UCfYZRHQWV-evwn5kzQsK2Gg	30	0.902725997802	0.230304084172
556	186	PbGNuVm_GMA	63.8304	UCfYZRHQWV-evwn5kzQsK2Gg	30	0.817961522298	0.230304084172
580	199	UupXYmByQTE	67.2005	UCfYZRHQWV-evwn5kzQsK2Gg	30	0.564182448511	0.230304084172
536	185	ehgjVVtGe0c	68.9689	UCfYZRHQWV-evwn5kzQsK2Gg	30	1.0	0.230304084172
540	183	k4pEkTHbQW0	62.3957	UCfYZRHQWV-evwn5kzQsK2Gg	30	0.763047344938	0.230304084172
541	180	l0GOey0l-Is	52.5525	UCfYZRHQWV-evwn5kzQsK2Gg	30	1.0	0.230304084172
543	187	mdMjMwVx64U	9.9099	UCfYZRHQWV-evwn5kzQsK2Gg	30	0.516052160862	0.230304084172
544	188	mdMjMwVx64U	124.124	UCfYZRHQWV-evwn5kzQsK2Gg	30	0.842317975874	0.230304084172
559	229	rFWF8_1vjQA	697.196	UCfYZRHQWV-evwn5kzQsK2Gg	30	0.747295785991	0.230304084172
560	230	rFWF8_1vjQA	58.8254	UCfYZRHQWV-evwn5kzQsK2Gg	26	0.822959887272	0.0917769203994
564	234	rFWF8_1vjQA	15.382	UCfYZRHQWV-evwn5kzQsK2Gg	13	0.681318403789	0.0987748051858
565	235	rFWF8_1vjQA	15.382	UCfYZRHQWV-evwn5kzQsK2Gg	22	0.751270850646	0.0762755495311
569	239	rFWF8_1vjQA	7.7077	UCfYZRHQWV-evwn5kzQsK2Gg	8	0.531389098214	0.197126427166
577	247	rFWF8_1vjQA	24.5245	UCfYZRHQWV-evwn5kzQsK2Gg	21	0.675916880114	0.137186368879
578	248	rFWF8_1vjQA	30.6973	UCfYZRHQWV-evwn5kzQsK2Gg	40	0.94166480547	0.0733056771571
581	200	y3lgrCiWIxI	66.066	UCfYZRHQWV-evwn5kzQsK2Gg	30	1.0	0.230304084172
634	83	8YQ7-H6jtk4	3.4034	UCjTVNkbx5megxlnl1spy2jg	35	0.837281048801	0.104432200097
642	98	8YQ7-H6jtk4	623.223	UCjTVNkbx5megxlnl1spy2jg	32	0.971571962841	0.0578310779486
648	39311	F040CJjjhXA	72.8394	UCjTVNkbx5megxlnl1spy2jg	32	0.93980460211	0.0578310779486
660	109	QwkzJSrVaXA	209.676	UCjTVNkbx5megxlnl1spy2jg	32	0.907201475184	0.0578310779486
677	111	W-q-KQZUcYk	334.334	UCjTVNkbx5megxlnl1spy2jg	32	0.989178583985	0.0578310779486
682	62	Z0FujJwvLQI	21.5549	UCjTVNkbx5megxlnl1spy2jg	28	0.942322785782	0.11888793393
651	68	j1hXMq_hOL8	553.887	UCjTVNkbx5megxlnl1spy2jg	32	0.957632599461	0.0578310779486
654	52	jIan9sdwD2Q	522.165	UCjTVNkbx5megxlnl1spy2jg	32	0.860345758574	0.0578310779486
658	106	qPyjSxy_gzw	405.739	UCjTVNkbx5megxlnl1spy2jg	32	0.905645891091	0.0578310779486
670	87	u_VC0qVd6Kc	3.47013	UCjTVNkbx5megxlnl1spy2jg	32	0.919817231706	0.0578310779486
671	90	u_VC0qVd6Kc	6.13947	UCjTVNkbx5megxlnl1spy2jg	32	1.0	0.0578310779486
672	93	u_VC0qVd6Kc	9.04237	UCjTVNkbx5megxlnl1spy2jg	32	0.989178583985	0.0578310779486
673	95	u_VC0qVd6Kc	6.53987	UCjTVNkbx5megxlnl1spy2jg	32	1.0	0.0578310779486
674	96	u_VC0qVd6Kc	3.77043	UCjTVNkbx5megxlnl1spy2jg	32	0.871501605542	0.0578310779486
675	97	u_VC0qVd6Kc	4.97163	UCjTVNkbx5megxlnl1spy2jg	32	0.923733506089	0.0578310779486
676	99	u_VC0qVd6Kc	4.4044	UCjTVNkbx5megxlnl1spy2jg	32	0.81774524618	0.0578310779486
694	444	-4UFB0CBrFI	201.607	UCl0mpynmsGpbrJn98xlZGWQ	16	0.905942426873	0.0591326552226
695	445	-4UFB0CBrFI	206.733	UCl0mpynmsGpbrJn98xlZGWQ	22	0.863922929958	0.0762755495311
699	458	-Lrv7jtAcOc	508.042	UCl0mpynmsGpbrJn98xlZGWQ	22	1.0	0.0762755495311
700	459	-Lrv7jtAcOc	453.941	UCl0mpynmsGpbrJn98xlZGWQ	16	1.0	0.0591326552226
696	431	-kzcWbC55XY	334.453	UCl0mpynmsGpbrJn98xlZGWQ	16	1.0	0.0591326552226
697	432	-kzcWbC55XY	269.994	UCl0mpynmsGpbrJn98xlZGWQ	22	0.88066735199	0.0762755495311
701	449	5fD7POSsiWY	152.757	UCl0mpynmsGpbrJn98xlZGWQ	22	0.967621595091	0.0762755495311
702	450	5fD7POSsiWY	161.276	UCl0mpynmsGpbrJn98xlZGWQ	16	1.0	0.0591326552226
724	483	Qz1iBRpoa2I	372.84	UCl0mpynmsGpbrJn98xlZGWQ	16	1.0	0.0591326552226
725	485	Qz1iBRpoa2I	318.706	UCl0mpynmsGpbrJn98xlZGWQ	22	0.970665188101	0.0762755495311
730	475	ReyZZ8r1B-w	355.665	UCl0mpynmsGpbrJn98xlZGWQ	16	1.0	0.0591326552226
731	476	ReyZZ8r1B-w	440.59	UCl0mpynmsGpbrJn98xlZGWQ	22	0.945125108377	0.0762755495311
703	429	bE6tZ72_ZM0	202.828	UCl0mpynmsGpbrJn98xlZGWQ	22	0.951642860829	0.0762755495311
704	430	bE6tZ72_ZM0	117.139	UCl0mpynmsGpbrJn98xlZGWQ	16	0.832798606456	0.0591326552226
707	427	d-Z5Ters7IQ	71.1047	UCl0mpynmsGpbrJn98xlZGWQ	22	0.949889708034	0.0762755495311
708	428	d-Z5Ters7IQ	92.2317	UCl0mpynmsGpbrJn98xlZGWQ	16	0.901852616042	0.0591326552226
711	423	dSYQ9BWl8JM	42.0138	UCl0mpynmsGpbrJn98xlZGWQ	22	0.920955559509	0.0762755495311
712	424	dSYQ9BWl8JM	18.3918	UCl0mpynmsGpbrJn98xlZGWQ	16	0.88796737298	0.0591326552226
713	425	dSYQ9BWl8JM	18.2879	UCl0mpynmsGpbrJn98xlZGWQ	16	0.864833867646	0.0591326552226
714	460	f3pGe-3s_jE	266.392	UCl0mpynmsGpbrJn98xlZGWQ	16	0.930098656241	0.0591326552226
715	461	f3pGe-3s_jE	122.892	UCl0mpynmsGpbrJn98xlZGWQ	16	0.826262373404	0.0591326552226
716	462	f3pGe-3s_jE	313.81	UCl0mpynmsGpbrJn98xlZGWQ	22	1.0	0.0762755495311
718	489	lu6riC9qqIk	608.853	UCl0mpynmsGpbrJn98xlZGWQ	16	1.0	0.0591326552226
719	490	lu6riC9qqIk	551.67	UCl0mpynmsGpbrJn98xlZGWQ	22	0.932690195816	0.0762755495311
720	467	ppRySHDBCBM	212.031	UCl0mpynmsGpbrJn98xlZGWQ	16	1.0	0.0591326552226
721	468	ppRySHDBCBM	187.51	UCl0mpynmsGpbrJn98xlZGWQ	22	1.0	0.0762755495311
727	453	r_fWq3aymvQ	157.56	UCl0mpynmsGpbrJn98xlZGWQ	22	0.972131416467	0.0762755495311
728	454	r_fWq3aymvQ	136.986	UCl0mpynmsGpbrJn98xlZGWQ	16	1.0	0.0591326552226
732	419	rlhHsABogKA	23.4108	UCl0mpynmsGpbrJn98xlZGWQ	22	0.826417333025	0.0762755495311
733	420	rlhHsABogKA	14.8569	UCl0mpynmsGpbrJn98xlZGWQ	16	0.862566218435	0.0591326552226
734	491	v8VAKxFW1mQ	449.449	UCl0mpynmsGpbrJn98xlZGWQ	16	1.0	0.0591326552226
735	492	v8VAKxFW1mQ	458.258	UCl0mpynmsGpbrJn98xlZGWQ	22	0.978996596898	0.0762755495311
737	471	x9KYLLEIIbo	168.909	UCl0mpynmsGpbrJn98xlZGWQ	22	0.989669554383	0.0762755495311
738	472	x9KYLLEIIbo	172.65	UCl0mpynmsGpbrJn98xlZGWQ	16	1.0	0.0591326552226
740	447	xrPT4Z4kps8	23.687	UCl0mpynmsGpbrJn98xlZGWQ	16	0.81910069247	0.0591326552226
741	448	xrPT4Z4kps8	6.47582	UCl0mpynmsGpbrJn98xlZGWQ	16	0.974984608449	0.0591326552226
742	37	-YCJOI3u1Gk	194.895	UCnfUCP_4nSws4KUI4Nkdaig	21	0.85206556885	0.137186368879
745	73	aHCsK3av2qc	99.466	UCnfUCP_4nSws4KUI4Nkdaig	21	0.996434623258	0.137186368879
746	74	aHCsK3av2qc	11.5449	UCnfUCP_4nSws4KUI4Nkdaig	25	0.73293664149	0.0708998848124
749	77	aHCsK3av2qc	23.9239	UCnfUCP_4nSws4KUI4Nkdaig	29	0.776857548349	0.0515961661264
752	38	eeMdxxtOpAg	302.802	UCnfUCP_4nSws4KUI4Nkdaig	21	0.979838210288	0.137186368879
753	39	me7wa2u0PhY	214.915	UCnfUCP_4nSws4KUI4Nkdaig	21	1.0	0.137186368879
754	40	me7wa2u0PhY	20.654	UCnfUCP_4nSws4KUI4Nkdaig	35	0.72499166549	0.104432200097
755	44	rCAhE2kC5_o	279.846	UCnfUCP_4nSws4KUI4Nkdaig	35	0.954726866351	0.104432200097
756	46	rCAhE2kC5_o	177.544	UCnfUCP_4nSws4KUI4Nkdaig	21	1.0	0.137186368879
757	47	yuRDsGzm-Sc	397.697	UCnfUCP_4nSws4KUI4Nkdaig	35	0.954726866351	0.104432200097
758	48	yuRDsGzm-Sc	209.843	UCnfUCP_4nSws4KUI4Nkdaig	21	0.996434623258	0.137186368879
764	213	CPytGM36EmE	37.6376	UCnsZ4GPxvLUmadQuxwXxaHw	41	0.908666741597	0.147593162911
765	219	DgE1G4pFxT8	347.047	UCnsZ4GPxvLUmadQuxwXxaHw	41	0.992001861023	0.147593162911
766	206	EIgDQvYrERY	272.806	UCnsZ4GPxvLUmadQuxwXxaHw	41	1.0	0.147593162911
768	222	FVdQhPaTqyk	212.045	UCnsZ4GPxvLUmadQuxwXxaHw	41	1.0	0.147593162911
771	250	KzPYdiCBHSY	264.998	UCnsZ4GPxvLUmadQuxwXxaHw	41	0.814920556885	0.147593162911
782	249	ZLf5jT2ovcs	220.053	UCnsZ4GPxvLUmadQuxwXxaHw	41	0.910748383448	0.147593162911
780	217	Z_I8Y8p7AyM	80.2135	UCnsZ4GPxvLUmadQuxwXxaHw	41	0.761230014604	0.147593162911
770	224	kSvbp148sbs	450.817	UCnsZ4GPxvLUmadQuxwXxaHw	41	0.907628098326	0.147593162911
776	226	pJGIrlts0h8	249.816	UCnsZ4GPxvLUmadQuxwXxaHw	41	0.993827452663	0.147593162911
806	315	9jr2R5B2vJE	151.852	UCxK8FgwjHujWeRj4aJOErgw	19	0.642076396844	0.171886936763
809	323	HvpOXTGDRSY	517.083	UCxK8FgwjHujWeRj4aJOErgw	19	0.700669095612	0.171886936763
816	330	LJFtKEtDoq0	446.546	UCxK8FgwjHujWeRj4aJOErgw	19	0.898344318374	0.171886936763
818	347	LPSmi0Eu0cs	597.764	UCxK8FgwjHujWeRj4aJOErgw	19	0.850601649656	0.171886936763
829	334	Tx7wjVPbyb8	0.6006	UCxK8FgwjHujWeRj4aJOErgw	48	0.717785847901	0.378584681368
830	335	Tx7wjVPbyb8	120.387	UCxK8FgwjHujWeRj4aJOErgw	19	1.0	0.171886936763
808	317	eJWSSaLkYa4	167.567	UCxK8FgwjHujWeRj4aJOErgw	19	0.848274948809	0.171886936763
810	312	jRm_Mxi92to	37.7711	UCxK8FgwjHujWeRj4aJOErgw	19	0.729109704192	0.171886936763
812	336	jw2GIOb6UPc	490.19	UCxK8FgwjHujWeRj4aJOErgw	19	1.0	0.171886936763
814	332	kltjzqFDQw8	560.093	UCxK8FgwjHujWeRj4aJOErgw	19	0.938985553005	0.171886936763
822	351	p_0tEafIC4U	504.304	UCxK8FgwjHujWeRj4aJOErgw	19	0.821609175647	0.171886936763
823	352	p_0tEafIC4U	13.7137	UCxK8FgwjHujWeRj4aJOErgw	19	0.603100473858	0.171886936763
824	326	qH3f75vmJnw	116.583	UCxK8FgwjHujWeRj4aJOErgw	19	0.656423887675	0.171886936763
826	342	r-WdSBpB384	68.7687	UCxK8FgwjHujWeRj4aJOErgw	19	0.734541475778	0.171886936763
827	358	s8Tp1fRbGv0	597.197	UCxK8FgwjHujWeRj4aJOErgw	19	0.957369825082	0.171886936763
833	369	ujuavyc4RN8	16.2162	UCxK8FgwjHujWeRj4aJOErgw	19	0.670246740319	0.171886936763
834	370	ujuavyc4RN8	10.5105	UCxK8FgwjHujWeRj4aJOErgw	19	0.657291064747	0.171886936763
835	371	ujuavyc4RN8	286.319	UCxK8FgwjHujWeRj4aJOErgw	19	0.944937352309	0.171886936763
836	372	ujuavyc4RN8	1.13447	UCxK8FgwjHujWeRj4aJOErgw	19	0.802237759868	0.171886936763
837	355	wlvgdDJNrbg	219.686	UCxK8FgwjHujWeRj4aJOErgw	19	0.897071757482	0.171886936763
840	345	yJoZkDU7S5c	76.6432	UCxK8FgwjHujWeRj4aJOErgw	19	0.935609929619	0.171886936763
841	346	yJoZkDU7S5c	8.67533	UCxK8FgwjHujWeRj4aJOErgw	19	0.613587703761	0.171886936763
856	413	sMdA3cyoWlk	90.3236	UCxW6kswHdM0gcRMopggPIvQ	41	0.770060926736	0.147593162911
861	858	0-EKAyGQAkU	334.835	UCz09qEPPNLdP7BG3baywE8w	20	0.827628981357	0.0604333891862
863	860	0-EKAyGQAkU	183.433	UCz09qEPPNLdP7BG3baywE8w	50	1.0	0.16499778983
864	874	6yevIMoxB2Y	10.9276	UCz09qEPPNLdP7BG3baywE8w	16	0.828380128089	0.0591326552226
865	875	6yevIMoxB2Y	19.8532	UCz09qEPPNLdP7BG3baywE8w	22	0.758846498934	0.0762755495311
867	877	6yevIMoxB2Y	59.1007	UCz09qEPPNLdP7BG3baywE8w	20	0.879054158216	0.0604333891862
868	855	93n6AonDivk	2.5025	UCz09qEPPNLdP7BG3baywE8w	20	1.0	0.0604333891862
869	856	93n6AonDivk	26.4014	UCz09qEPPNLdP7BG3baywE8w	20	1.0	0.0604333891862
870	857	93n6AonDivk	2.002	UCz09qEPPNLdP7BG3baywE8w	20	0.802823354816	0.0604333891862
876	866	FvMqJWxVxSw	262.471	UCz09qEPPNLdP7BG3baywE8w	20	1.0	0.0604333891862
884	883	Li9GKLVS0so	454.287	UCz09qEPPNLdP7BG3baywE8w	20	0.906791170169	0.0604333891862
887	884	LjUNkkeQWu0	232.607	UCz09qEPPNLdP7BG3baywE8w	20	0.839298551578	0.0604333891862
888	885	LjUNkkeQWu0	91.0076	UCz09qEPPNLdP7BG3baywE8w	20	0.761770184445	0.0604333891862
889	872	LwZmsZ2Q1Nc	231.698	UCz09qEPPNLdP7BG3baywE8w	20	0.876451535401	0.0604333891862
891	880	QadW6q78gaU	237.938	UCz09qEPPNLdP7BG3baywE8w	20	0.917687326072	0.0604333891862
892	881	U2gTp_Tpn-A	443.276	UCz09qEPPNLdP7BG3baywE8w	20	0.840432040588	0.0604333891862
896	894	WOAgVf-pUeg	355.388	UCz09qEPPNLdP7BG3baywE8w	20	0.914018156271	0.0604333891862
903	891	ZtqfcL1FFPo	589.089	UCz09qEPPNLdP7BG3baywE8w	20	1.0	0.0604333891862
905	893	ZtqfcL1FFPo	53.0947	UCz09qEPPNLdP7BG3baywE8w	50	1.0	0.16499778983
860	852	_gjGXK2j1DI	300.884	UCz09qEPPNLdP7BG3baywE8w	20	0.868155385855	0.0604333891862
871	853	a4ipSBb9Ijk	60.3603	UCz09qEPPNLdP7BG3baywE8w	20	0.813241609962	0.0604333891862
873	863	c-Qag2F1cMU	245.787	UCz09qEPPNLdP7BG3baywE8w	20	0.917687326072	0.0604333891862
878	861	g9rpw933se4	208.708	UCz09qEPPNLdP7BG3baywE8w	20	0.883376654948	0.0604333891862
880	878	hpkDgjBSk60	393.059	UCz09qEPPNLdP7BG3baywE8w	20	0.761021074929	0.0604333891862
882	868	i3b7uhby5YI	323.256	UCz09qEPPNLdP7BG3baywE8w	20	0.8754100185	0.0604333891862
885	870	lIsX1CpLJ5M	191.024	UCz09qEPPNLdP7BG3baywE8w	20	0.880867687963	0.0604333891862
886	871	lIsX1CpLJ5M	36.9953	UCz09qEPPNLdP7BG3baywE8w	50	1.0	0.16499778983
894	886	vcJwSlpK2jY	161.595	UCz09qEPPNLdP7BG3baywE8w	20	0.874124440697	0.0604333891862
900	888	xoKrrOvP9q4	498.581	UCz09qEPPNLdP7BG3baywE8w	20	0.880735806964	0.0604333891862
901	889	ylujGWUJtDk	328.286	UCz09qEPPNLdP7BG3baywE8w	20	0.879054158216	0.0604333891862
