	id	videoID	duration	channel	label	proba	pers
0	555	E0oQt8mtYK4	407.274	UC1LG7YDL7OLD6VvdPAmyjiA	10	0.929414736245	0.327851258084
1	556	E0oQt8mtYK4	393.36	UC1LG7YDL7OLD6VvdPAmyjiA	8	0.872321070774	0.224823741117
5	558	TpwlVBgmrUc	370.871	UC1LG7YDL7OLD6VvdPAmyjiA	10	0.502453480925	0.327851258084
6	559	TpwlVBgmrUc	615.381	UC1LG7YDL7OLD6VvdPAmyjiA	8	1.0	0.224823741117
3	544	rAXYNd1CA9A	537.203	UC1LG7YDL7OLD6VvdPAmyjiA	8	0.849024720768	0.224823741117
4	545	rAXYNd1CA9A	559.492	UC1LG7YDL7OLD6VvdPAmyjiA	10	1.0	0.327851258084
7	560	yTM8ps35-24	544.677	UC1LG7YDL7OLD6VvdPAmyjiA	8	1.0	0.224823741117
8	561	yTM8ps35-24	598.531	UC1LG7YDL7OLD6VvdPAmyjiA	10	1.0	0.327851258084
41	414	5uGpMmE7jQY	318.668	UC2FfW6_YHXUSfsndM2R37cQ	13	1.0	0.136821100932
45	435	F76ntKET30k	471.496	UC2FfW6_YHXUSfsndM2R37cQ	13	1.0	0.136821100932
46	417	V60JXBzi_Vc	480.942	UC2FfW6_YHXUSfsndM2R37cQ	13	0.812757752175	0.136821100932
42	415	cv22idODm9Y	239.773	UC2FfW6_YHXUSfsndM2R37cQ	41	1.0	0.100136093939
43	416	cv22idODm9Y	222.889	UC2FfW6_YHXUSfsndM2R37cQ	13	1.0	0.136821100932
9	103	-AJuqXp5YLQ	189.823	UC2bYhAHyaqfWlPXWBVk4BcA	40	1.0	0.204335495732
11	80	-sOb5xtyfBI	261.294	UC2bYhAHyaqfWlPXWBVk4BcA	40	1.0	0.204335495732
12	105	1Bz2BnK3Lio	87.2205	UC2bYhAHyaqfWlPXWBVk4BcA	40	1.0	0.204335495732
13	108	3wDlEQ6wcPs	196.697	UC2bYhAHyaqfWlPXWBVk4BcA	40	1.0	0.204335495732
15	121	9fTVHcXrdK0	127.995	UC2bYhAHyaqfWlPXWBVk4BcA	40	1.0	0.204335495732
18	115	BiUF8qQrXMA	145.345	UC2bYhAHyaqfWlPXWBVk4BcA	40	1.0	0.204335495732
19	114	CmM5nUMA_SA	167.968	UC2bYhAHyaqfWlPXWBVk4BcA	40	1.0	0.204335495732
20	116	CqugMysYaIM	204.071	UC2bYhAHyaqfWlPXWBVk4BcA	40	0.723152081087	0.204335495732
28	125	EJh2HxD2YYg	121.021	UC2bYhAHyaqfWlPXWBVk4BcA	40	1.0	0.204335495732
36	130	MrjF_C7lWKM	225.859	UC2bYhAHyaqfWlPXWBVk4BcA	40	1.0	0.204335495732
17	113	aqIOxteRj6c	322.789	UC2bYhAHyaqfWlPXWBVk4BcA	40	1.0	0.204335495732
21	117	ctv97Mj5iaI	87.4207	UC2bYhAHyaqfWlPXWBVk4BcA	40	1.0	0.204335495732
22	118	ctv97Mj5iaI	101.635	UC2bYhAHyaqfWlPXWBVk4BcA	40	0.721402399797	0.204335495732
24	127	d3g2tUCAEHQ	238.305	UC2bYhAHyaqfWlPXWBVk4BcA	40	1.0	0.204335495732
29	126	ht9BRzbz9j4	250.851	UC2bYhAHyaqfWlPXWBVk4BcA	40	1.0	0.204335495732
31	139	hzBk_Q1gA_g	161.728	UC2bYhAHyaqfWlPXWBVk4BcA	40	1.0	0.204335495732
34	146	mmX-F7I4NYA	265.298	UC2bYhAHyaqfWlPXWBVk4BcA	40	1.0	0.204335495732
37	134	pUOiGPTZMhQ	204.504	UC2bYhAHyaqfWlPXWBVk4BcA	40	1.0	0.204335495732
39	151	t08qE40UByc	338.071	UC2bYhAHyaqfWlPXWBVk4BcA	40	1.0	0.204335495732
40	147	yIa7B8UF384	113.413	UC2bYhAHyaqfWlPXWBVk4BcA	40	1.0	0.204335495732
48	263	1EUt85Apcbg	28.2525	UC45zwHCRNT5jA8sC5DUW7oQ	44	0.731532023092	0.0774853951917
50	310	1WEosoTt-7s	400.248	UC45zwHCRNT5jA8sC5DUW7oQ	43	0.772012008932	0.0971440493078
52	299	6aDheKJXEZw	79.2651	UC45zwHCRNT5jA8sC5DUW7oQ	43	0.831864068179	0.0971440493078
53	300	6aDheKJXEZw	15.7995	UC45zwHCRNT5jA8sC5DUW7oQ	43	0.804345225785	0.0971440493078
57	292	GDFa5kL9ng8	228.272	UC45zwHCRNT5jA8sC5DUW7oQ	43	1.0	0.0971440493078
61	328	HuX4szgyXlI	262.679	UC45zwHCRNT5jA8sC5DUW7oQ	41	1.0	0.100136093939
64	324	SIlvvCrso1s	238.506	UC45zwHCRNT5jA8sC5DUW7oQ	13	1.0	0.136821100932
68	319	ZdE96tb6hWg	265.274	UC45zwHCRNT5jA8sC5DUW7oQ	43	1.0	0.0971440493078
54	289	bRIrLzMxYus	199.317	UC45zwHCRNT5jA8sC5DUW7oQ	44	1.0	0.0774853951917
55	290	bRIrLzMxYus	28.0817	UC45zwHCRNT5jA8sC5DUW7oQ	11	0.844252289465	0.1947957548
63	306	pyRn9o-jC8s	287.547	UC45zwHCRNT5jA8sC5DUW7oQ	43	0.882399282756	0.0971440493078
71	451	1BqvxnuhE_w	44.8448	UC70WKHZ1X9qIXWmNr0qHGmw	29	1.0	0.107290312615
72	456	3wMRYYtqH2Q	69.6696	UC70WKHZ1X9qIXWmNr0qHGmw	29	1.0	0.107290312615
74	488	4qlNnrUdBfE	75.075	UC70WKHZ1X9qIXWmNr0qHGmw	29	1.0	0.107290312615
76	466	EkKhXt_MpWs	61.7283	UC70WKHZ1X9qIXWmNr0qHGmw	29	1.0	0.107290312615
79	473	GBCxYaCv_Xw	73.8738	UC70WKHZ1X9qIXWmNr0qHGmw	29	1.0	0.107290312615
80	474	GBCxYaCv_Xw	11.1111	UC70WKHZ1X9qIXWmNr0qHGmw	66	1.0	0.30195228719
89	480	Otvxw9mT8n0	65.8324	UC70WKHZ1X9qIXWmNr0qHGmw	29	1.0	0.107290312615
90	481	Otvxw9mT8n0	22.1888	UC70WKHZ1X9qIXWmNr0qHGmw	38	1.0	0.0655292785539
94	487	Sbh1l-uKlzg	59.0256	UC70WKHZ1X9qIXWmNr0qHGmw	29	1.0	0.107290312615
95	493	TGQTGAxsT0Y	45.5121	UC70WKHZ1X9qIXWmNr0qHGmw	29	1.0	0.107290312615
96	484	TO93lGyUsU8	53.7537	UC70WKHZ1X9qIXWmNr0qHGmw	29	1.0	0.107290312615
97	494	XCr2HPxyK7I	56.0894	UC70WKHZ1X9qIXWmNr0qHGmw	29	1.0	0.107290312615
98	495	YwWlHTB1Ya4	42.3423	UC70WKHZ1X9qIXWmNr0qHGmw	29	1.0	0.107290312615
99	498	Zec3Op2Vr_Q	47.681	UC70WKHZ1X9qIXWmNr0qHGmw	29	1.0	0.107290312615
81	477	gr-O-4bnqsk	38.1047	UC70WKHZ1X9qIXWmNr0qHGmw	29	1.0	0.107290312615
83	501	jUqrx5RUJX4	17.2172	UC70WKHZ1X9qIXWmNr0qHGmw	37	1.0	0.10389476953
84	502	jUqrx5RUJX4	230.297	UC70WKHZ1X9qIXWmNr0qHGmw	29	1.0	0.107290312615
85	503	jUqrx5RUJX4	14.2142	UC70WKHZ1X9qIXWmNr0qHGmw	46	1.0	0.0960705774573
91	507	r5Bhgqxl4iM	414.481	UC70WKHZ1X9qIXWmNr0qHGmw	29	1.0	0.107290312615
101	13	2Ia8-ihCg-8	36.9035	UC7CEVQbvZ6-uy6TRH_c6scg	37	1.0	0.10389476953
102	14	2Ia8-ihCg-8	32.3657	UC7CEVQbvZ6-uy6TRH_c6scg	87	0.675791044278	0.133294274609
103	16	79Wql8OmL3o	40.2736	UC7CEVQbvZ6-uy6TRH_c6scg	37	1.0	0.10389476953
106	4	9wxF1UC1rWY	38.5051	UC7CEVQbvZ6-uy6TRH_c6scg	37	1.0	0.10389476953
107	5	9wxF1UC1rWY	23.0564	UC7CEVQbvZ6-uy6TRH_c6scg	89	1.0	0.191652004853
127	31	CQtftDuEhy0	63.7303	UC7CEVQbvZ6-uy6TRH_c6scg	46	1.0	0.0960705774573
128	32	CQtftDuEhy0	74.9082	UC7CEVQbvZ6-uy6TRH_c6scg	37	1.0	0.10389476953
129	33	CQtftDuEhy0	47.9479	UC7CEVQbvZ6-uy6TRH_c6scg	37	0.881572198784	0.10389476953
135	41	Iczb5exOpLs	273.54	UC7CEVQbvZ6-uy6TRH_c6scg	37	1.0	0.10389476953
136	42	Iczb5exOpLs	66.9002	UC7CEVQbvZ6-uy6TRH_c6scg	87	1.0	0.133294274609
140	26771	R877MkpxxUU	34.9349	UC7CEVQbvZ6-uy6TRH_c6scg	37	1.0	0.10389476953
141	26772	R877MkpxxUU	7.5075	UC7CEVQbvZ6-uy6TRH_c6scg	39	0.369927086777	0.408923954632
142	26773	R877MkpxxUU	0.633967	UC7CEVQbvZ6-uy6TRH_c6scg	66	0.407354916071	0.30195228719
143	26774	R877MkpxxUU	7.5075	UC7CEVQbvZ6-uy6TRH_c6scg	26	0.373758293354	0.313284873969
144	43	UFfFaSM2b8A	575.375	UC7CEVQbvZ6-uy6TRH_c6scg	37	1.0	0.10389476953
145	45	UFfFaSM2b8A	128.462	UC7CEVQbvZ6-uy6TRH_c6scg	87	1.0	0.133294274609
151	19	ZV0LbCU3QSQ	44.411	UC7CEVQbvZ6-uy6TRH_c6scg	37	1.0	0.10389476953
108	56	almp1Eo1LO0	576.409	UC7CEVQbvZ6-uy6TRH_c6scg	37	0.679599998119	0.10389476953
114	9	bsLG6JpGzWg	30.7974	UC7CEVQbvZ6-uy6TRH_c6scg	37	1.0	0.10389476953
117	1	cF4yvjbQgL0	0.6006	UC7CEVQbvZ6-uy6TRH_c6scg	0	1.0	0.0878927683738
118	2	cF4yvjbQgL0	29.3627	UC7CEVQbvZ6-uy6TRH_c6scg	37	0.995157300221	0.10389476953
130	15	d9EUOkCt1aU	44.411	UC7CEVQbvZ6-uy6TRH_c6scg	37	1.0	0.10389476953
131	22	e_lgoIriXf8	41.7751	UC7CEVQbvZ6-uy6TRH_c6scg	37	1.0	0.10389476953
132	23	e_lgoIriXf8	37.9379	UC7CEVQbvZ6-uy6TRH_c6scg	89	1.0	0.191652004853
133	21	g7iLJqafwzk	42.6426	UC7CEVQbvZ6-uy6TRH_c6scg	37	1.0	0.10389476953
134	12	gg33UczgsUI	39.1057	UC7CEVQbvZ6-uy6TRH_c6scg	37	1.0	0.10389476953
137	49	mX10Ifcg3tk	60.2602	UC7CEVQbvZ6-uy6TRH_c6scg	37	0.777455335234	0.10389476953
138	50	mX10Ifcg3tk	67.5675	UC7CEVQbvZ6-uy6TRH_c6scg	37	1.0	0.10389476953
139	51	mX10Ifcg3tk	89.089	UC7CEVQbvZ6-uy6TRH_c6scg	37	0.907235358112	0.10389476953
146	26791	v5176SOv28M	53.7203	UC7CEVQbvZ6-uy6TRH_c6scg	37	1.0	0.10389476953
148	34	y9LqQMSZ0zU	48.1481	UC7CEVQbvZ6-uy6TRH_c6scg	37	1.0	0.10389476953
149	35	y9LqQMSZ0zU	42.5759	UC7CEVQbvZ6-uy6TRH_c6scg	89	0.663140148355	0.191652004853
153	252	5qwPM7N2ekA	332.432	UC8aTvyjY38Qf5rS1xBOWI3w	42	0.895739371887	0.0981029165248
154	265	Af5jV9lZJAc	418.084	UC8aTvyjY38Qf5rS1xBOWI3w	75	1.0	0.221798055449
155	266	Af5jV9lZJAc	476.843	UC8aTvyjY38Qf5rS1xBOWI3w	42	1.0	0.0981029165248
161	267	PXwYJmd_iTg	355.255	UC8aTvyjY38Qf5rS1xBOWI3w	42	0.88477376517	0.0981029165248
171	281	QqeDeD1v34c	23.6679	UC8aTvyjY38Qf5rS1xBOWI3w	42	1.0	0.0981029165248
173	258	UIc8aK4WsN4	457.057	UC8aTvyjY38Qf5rS1xBOWI3w	42	1.0	0.0981029165248
156	253	jcB_Q7uVr78	95.462	UC8aTvyjY38Qf5rS1xBOWI3w	42	1.0	0.0981029165248
174	259	wpcfugXwWFQ	105.539	UC8aTvyjY38Qf5rS1xBOWI3w	75	0.662121677264	0.221798055449
176	261	wpcfugXwWFQ	221.755	UC8aTvyjY38Qf5rS1xBOWI3w	42	1.0	0.0981029165248
179	743	395DPCLQfQw	62.3623	UCB826yhc1dm8-MEX1x55yAQ	25	1.0	0.145201680654
181	771	5yZgm-IhG0A	43.6436	UCB826yhc1dm8-MEX1x55yAQ	25	1.0	0.145201680654
183	807	EOyfUb8ikoo	57.8912	UCB826yhc1dm8-MEX1x55yAQ	25	1.0	0.145201680654
186	812	FpxLIqmFWfY	103.403	UCB826yhc1dm8-MEX1x55yAQ	25	1.0	0.145201680654
191	833	PhEWVXntA4I	32.9996	UCB826yhc1dm8-MEX1x55yAQ	25	1.0	0.145201680654
193	832	PxYHFVzfuS0	78.7787	UCB826yhc1dm8-MEX1x55yAQ	25	1.0	0.145201680654
198	848	QxrQ-GvV40c	86.7533	UCB826yhc1dm8-MEX1x55yAQ	25	1.0	0.145201680654
204	841	YnGnGpqCVSQ	97.8978	UCB826yhc1dm8-MEX1x55yAQ	25	1.0	0.145201680654
205	842	YnGnGpqCVSQ	11.6116	UCB826yhc1dm8-MEX1x55yAQ	49	1.0	0.465653516809
206	843	YnGnGpqCVSQ	10.644	UCB826yhc1dm8-MEX1x55yAQ	39	1.0	0.408923954632
207	844	YnGnGpqCVSQ	10.6773	UCB826yhc1dm8-MEX1x55yAQ	26	1.0	0.313284873969
208	845	YnGnGpqCVSQ	9.7097	UCB826yhc1dm8-MEX1x55yAQ	67	1.0	0.181568324371
209	846	YnGnGpqCVSQ	10.6773	UCB826yhc1dm8-MEX1x55yAQ	66	0.924343308363	0.30195228719
210	847	YnGnGpqCVSQ	11.6116	UCB826yhc1dm8-MEX1x55yAQ	65	1.0	0.20708335632
182	808	dLtBXB6cn2I	112.446	UCB826yhc1dm8-MEX1x55yAQ	25	1.0	0.145201680654
188	809	hLWXWeqg4Ys	56.8234	UCB826yhc1dm8-MEX1x55yAQ	25	1.0	0.145201680654
189	831	iydBohK2SjM	57.4908	UCB826yhc1dm8-MEX1x55yAQ	25	1.0	0.145201680654
190	819	jaRwkLmGKsg	30.6306	UCB826yhc1dm8-MEX1x55yAQ	25	1.0	0.145201680654
194	850	q7KN_Fr8yrk	393.326	UCB826yhc1dm8-MEX1x55yAQ	25	1.0	0.145201680654
196	835	qXArEttSkwU	101.935	UCB826yhc1dm8-MEX1x55yAQ	25	1.0	0.145201680654
200	839	rRivD2UvdgQ	152.652	UCB826yhc1dm8-MEX1x55yAQ	25	1.0	0.145201680654
201	840	rRivD2UvdgQ	13.8805	UCB826yhc1dm8-MEX1x55yAQ	25	0.933984883991	0.145201680654
202	837	t3vFeKqOAyU	110.41	UCB826yhc1dm8-MEX1x55yAQ	25	1.0	0.145201680654
203	838	t3vFeKqOAyU	4.07073	UCB826yhc1dm8-MEX1x55yAQ	0	1.0	0.0878927683738
444	378	9pugTn8WhHw	331.097	UCEbv-pDOAaKEwfIAZw63JsQ	6	1.0	0.120238689871
446	497	A4uePrJ1bGk	4209.34	UCEbv-pDOAaKEwfIAZw63JsQ	6	0.870541537305	0.120238689871
447	386	C0WaAJTA2fc	482.215	UCEbv-pDOAaKEwfIAZw63JsQ	6	1.0	0.120238689871
451	385	Hi4e40e1-cg	368.969	UCEbv-pDOAaKEwfIAZw63JsQ	6	1.0	0.120238689871
452	374	PCGdBb8g87k	73.1064	UCEbv-pDOAaKEwfIAZw63JsQ	6	1.0	0.120238689871
454	398	Q4WWY0LpfRY	95.8624	UCEbv-pDOAaKEwfIAZw63JsQ	6	1.0	0.120238689871
455	399	Q4WWY0LpfRY	30.664	UCEbv-pDOAaKEwfIAZw63JsQ	36	1.0	0.276456400799
456	394	XrTHuXXx0hw	32.399	UCEbv-pDOAaKEwfIAZw63JsQ	36	1.0	0.276456400799
457	395	XrTHuXXx0hw	217.951	UCEbv-pDOAaKEwfIAZw63JsQ	6	1.0	0.120238689871
436	403	_AEdiP5JiZM	60.2602	UCEbv-pDOAaKEwfIAZw63JsQ	6	1.0	0.120238689871
449	396	dLRQJYJ7hIs	166.366	UCEbv-pDOAaKEwfIAZw63JsQ	6	1.0	0.120238689871
450	397	dLRQJYJ7hIs	167.367	UCEbv-pDOAaKEwfIAZw63JsQ	6	0.917102267143	0.120238689871
458	152	-INOYZ5liIM	62.6594	UCFN_n9FTABlwDsB1ncWUBMQ	27	1.0	0.12036626806
459	153	-INOYZ5liIM	51.4129	UCFN_n9FTABlwDsB1ncWUBMQ	27	1.0	0.12036626806
461	131	Fobcg-lzLiQ	21.5224	UCFN_n9FTABlwDsB1ncWUBMQ	27	0.968534090046	0.12036626806
462	132	Fobcg-lzLiQ	21.3885	UCFN_n9FTABlwDsB1ncWUBMQ	27	0.92683772533	0.12036626806
463	133	Fobcg-lzLiQ	11.7152	UCFN_n9FTABlwDsB1ncWUBMQ	27	0.911600544144	0.12036626806
464	203	HFnARO22HgM	324.262	UCFN_n9FTABlwDsB1ncWUBMQ	27	0.942865289113	0.12036626806
468	163	HkpqUeqRkQs	167.276	UCFN_n9FTABlwDsB1ncWUBMQ	27	1.0	0.12036626806
472	160	KW19GuAX9P8	31.2944	UCFN_n9FTABlwDsB1ncWUBMQ	27	1.0	0.12036626806
473	161	KW19GuAX9P8	30.6919	UCFN_n9FTABlwDsB1ncWUBMQ	27	1.0	0.12036626806
474	150	UmLtGlCHqJM	65.6784	UCFN_n9FTABlwDsB1ncWUBMQ	27	1.0	0.12036626806
475	166	YdJ9oDUipgk	8.66912	UCFN_n9FTABlwDsB1ncWUBMQ	27	0.969878776261	0.12036626806
476	167	YdJ9oDUipgk	88.8668	UCFN_n9FTABlwDsB1ncWUBMQ	27	1.0	0.12036626806
477	168	YdJ9oDUipgk	8.70259	UCFN_n9FTABlwDsB1ncWUBMQ	27	0.94840796645	0.12036626806
460	145	cWa3a8DbJ0A	165.472	UCFN_n9FTABlwDsB1ncWUBMQ	27	1.0	0.12036626806
471	156	k0ndRUXNyDM	50.9825	UCFN_n9FTABlwDsB1ncWUBMQ	27	1.0	0.12036626806
478	516	-8w7uwhi9uw	128.929	UCFOEjz0jo07W8bpEHomEgHg	38	1.0	0.0655292785539
479	517	-8w7uwhi9uw	70.5371	UCFOEjz0jo07W8bpEHomEgHg	38	1.0	0.0655292785539
480	509	-GEdGdVnvH8	359.492	UCFOEjz0jo07W8bpEHomEgHg	38	1.0	0.0655292785539
481	510	-GEdGdVnvH8	88.5885	UCFOEjz0jo07W8bpEHomEgHg	38	1.0	0.0655292785539
482	526	5002Ic7nSe0	168.168	UCFOEjz0jo07W8bpEHomEgHg	38	1.0	0.0655292785539
485	512	667uThulND8	9.7097	UCFOEjz0jo07W8bpEHomEgHg	70	1.0	0.224916169411
488	515	667uThulND8	199.566	UCFOEjz0jo07W8bpEHomEgHg	38	0.991345620676	0.0655292785539
496	532	B2BcUxh5SyU	23.5235	UCFOEjz0jo07W8bpEHomEgHg	38	0.780620373481	0.0655292785539
497	533	B2BcUxh5SyU	251.585	UCFOEjz0jo07W8bpEHomEgHg	38	1.0	0.0655292785539
500	538	KVGQQNQ97Qc	235.102	UCFOEjz0jo07W8bpEHomEgHg	38	1.0	0.0655292785539
502	546	NnUXSbPq6DU	360.227	UCFOEjz0jo07W8bpEHomEgHg	38	1.0	0.0655292785539
505	548	RJLpPDJDs4Q	9.54287	UCFOEjz0jo07W8bpEHomEgHg	38	0.824017497999	0.0655292785539
506	549	RJLpPDJDs4Q	37.2038	UCFOEjz0jo07W8bpEHomEgHg	38	0.943020000577	0.0655292785539
507	550	RJLpPDJDs4Q	247.581	UCFOEjz0jo07W8bpEHomEgHg	38	1.0	0.0655292785539
511	537	RyMZcq2PNPk	55.7557	UCFOEjz0jo07W8bpEHomEgHg	38	1.0	0.0655292785539
516	553	W2MJHkK7lcQ	47.1471	UCFOEjz0jo07W8bpEHomEgHg	38	0.974585361021	0.0655292785539
517	554	W2MJHkK7lcQ	165.365	UCFOEjz0jo07W8bpEHomEgHg	38	1.0	0.0655292785539
518	541	XY9IZKTs3vw	248.749	UCFOEjz0jo07W8bpEHomEgHg	38	1.0	0.0655292785539
489	520	aEI-szvexhU	341.975	UCFOEjz0jo07W8bpEHomEgHg	38	1.0	0.0655292785539
490	521	aEI-szvexhU	11.0777	UCFOEjz0jo07W8bpEHomEgHg	70	0.460166666229	0.224916169411
498	518	earXfvWlHeE	288.121	UCFOEjz0jo07W8bpEHomEgHg	38	1.0	0.0655292785539
499	519	earXfvWlHeE	9.44277	UCFOEjz0jo07W8bpEHomEgHg	70	1.0	0.224916169411
504	528	pW8yVWV51uU	278.478	UCFOEjz0jo07W8bpEHomEgHg	38	1.0	0.0655292785539
512	529	vmdVQZmsH3w	324.524	UCFOEjz0jo07W8bpEHomEgHg	38	1.0	0.0655292785539
582	363	2A05w8rYSVE	413.713	UCGzDZn8uoXFz0-HyipnaWnw	18	1.0	0.189698296364
584	360	BupEyfVxLRA	270.57	UCGzDZn8uoXFz0-HyipnaWnw	18	1.0	0.189698296364
585	339	D1g0501pm3o	105.872	UCGzDZn8uoXFz0-HyipnaWnw	18	0.704552220211	0.189698296364
588	361	ER2Idvi2Xc4	220.487	UCGzDZn8uoXFz0-HyipnaWnw	18	1.0	0.189698296364
587	364	Ec_yt6qVMQI	345.845	UCGzDZn8uoXFz0-HyipnaWnw	18	1.0	0.189698296364
594	353	RdbOMula7mM	24.5912	UCGzDZn8uoXFz0-HyipnaWnw	18	1.0	0.189698296364
598	366	UsCVUOaZvYs	226.693	UCGzDZn8uoXFz0-HyipnaWnw	18	1.0	0.189698296364
583	338	aKKxmZNB9JU	82.2488	UCGzDZn8uoXFz0-HyipnaWnw	18	1.0	0.189698296364
591	344	knr4rxblV_8	37.7377	UCGzDZn8uoXFz0-HyipnaWnw	18	1.0	0.189698296364
592	376	lUC84KypwD8	635.301	UCGzDZn8uoXFz0-HyipnaWnw	18	1.0	0.189698296364
596	373	svwRUYj2F8w	198.498	UCGzDZn8uoXFz0-HyipnaWnw	18	0.989335411206	0.189698296364
606	770	6_Je_UImW1o	31.7651	UCIVFEaKHBomhznMRX2aiQEQ	80	0.834348150446	0.0655812043589
609	734	CG2rsv2Hgos	79.6015	UCIVFEaKHBomhznMRX2aiQEQ	31	1.0	0.0671079841768
614	740	HT-cvmZXj5g	29.7964	UCIVFEaKHBomhznMRX2aiQEQ	31	1.0	0.0671079841768
615	741	HT-cvmZXj5g	110.177	UCIVFEaKHBomhznMRX2aiQEQ	80	1.0	0.0655812043589
618	799	IwJYen9pIa4	354.479	UCIVFEaKHBomhznMRX2aiQEQ	31	1.0	0.0671079841768
599	795	_hF7PfDYuKE	30.7554	UCIVFEaKHBomhznMRX2aiQEQ	31	0.826947275914	0.0671079841768
611	763	dvUrPh9RAHw	375.831	UCIVFEaKHBomhznMRX2aiQEQ	80	0.798946516216	0.0655812043589
620	746	kByHayr2tpU	33.5737	UCIVFEaKHBomhznMRX2aiQEQ	31	1.0	0.0671079841768
621	821	oJ0zV-ij18s	17.6907	UCIVFEaKHBomhznMRX2aiQEQ	31	0.838368578097	0.0671079841768
623	823	oJ0zV-ij18s	241.598	UCIVFEaKHBomhznMRX2aiQEQ	80	1.0	0.0655812043589
625	825	oJ0zV-ij18s	96.9769	UCIVFEaKHBomhznMRX2aiQEQ	31	0.991551037253	0.0671079841768
627	816	rVmhC8dyjng	301.257	UCIVFEaKHBomhznMRX2aiQEQ	31	1.0	0.0671079841768
628	817	rVmhC8dyjng	291.166	UCIVFEaKHBomhznMRX2aiQEQ	80	0.796917901064	0.0655812043589
632	814	uYuwBkWPCRQ	682.085	UCIVFEaKHBomhznMRX2aiQEQ	31	0.810650281341	0.0671079841768
787	287	98f54-WaGi0	836.135	UCW-NL7CT8lQcJz843AAwtZQ	41	1.0	0.100136093939
789	268	H_JRrIpB_pA	278.879	UCW-NL7CT8lQcJz843AAwtZQ	41	1.0	0.100136093939
791	279	JJjMymOQZWI	361.494	UCW-NL7CT8lQcJz843AAwtZQ	41	0.914222708178	0.100136093939
799	294	W6UnPNOW4zs	75.9092	UCW-NL7CT8lQcJz843AAwtZQ	13	1.0	0.136821100932
800	296	W6UnPNOW4zs	407.908	UCW-NL7CT8lQcJz843AAwtZQ	41	1.0	0.100136093939
803	308	Z9xT4Lw4YvQ	399.032	UCW-NL7CT8lQcJz843AAwtZQ	41	1.0	0.100136093939
804	309	Z9xT4Lw4YvQ	71.8051	UCW-NL7CT8lQcJz843AAwtZQ	44	1.0	0.0774853951917
783	293	_80emZkgKpI	278.845	UCW-NL7CT8lQcJz843AAwtZQ	11	1.0	0.1947957548
784	295	_80emZkgKpI	283.183	UCW-NL7CT8lQcJz843AAwtZQ	41	1.0	0.100136093939
785	298	_80emZkgKpI	228.495	UCW-NL7CT8lQcJz843AAwtZQ	43	0.913753165571	0.0971440493078
793	301	nYAD1hA9EWk	400.7	UCW-NL7CT8lQcJz843AAwtZQ	11	1.0	0.1947957548
794	302	nYAD1hA9EWk	397.631	UCW-NL7CT8lQcJz843AAwtZQ	41	1.0	0.100136093939
795	303	nYAD1hA9EWk	61.2278	UCW-NL7CT8lQcJz843AAwtZQ	13	1.0	0.136821100932
797	284	rDUSnEokd5s	467.2	UCW-NL7CT8lQcJz843AAwtZQ	41	1.0	0.100136093939
211	691	1q2xNJlSNyk	100.334	UCbxeWUKWro8bMscsa36-BtA	48	1.0	0.0746910903943
212	692	1q2xNJlSNyk	16.7834	UCbxeWUKWro8bMscsa36-BtA	48	1.0	0.0746910903943
215	700	2GeIU_QybFg	177.511	UCbxeWUKWro8bMscsa36-BtA	48	1.0	0.0746910903943
216	701	2GeIU_QybFg	22.2889	UCbxeWUKWro8bMscsa36-BtA	15	0.36293192859	0.175264428636
217	693	2xoxCVOZwas	466.666	UCbxeWUKWro8bMscsa36-BtA	48	1.0	0.0746910903943
223	694	8L9LD22budg	140.374	UCbxeWUKWro8bMscsa36-BtA	48	1.0	0.0746910903943
225	697	8ZVzpzTIUjs	235.769	UCbxeWUKWro8bMscsa36-BtA	48	1.0	0.0746910903943
227	711	B18Yur2bvkI	27.5942	UCbxeWUKWro8bMscsa36-BtA	2	1.0	0.223354310267
230	716	B18Yur2bvkI	147.714	UCbxeWUKWro8bMscsa36-BtA	48	1.0	0.0746910903943
231	717	B18Yur2bvkI	58.6586	UCbxeWUKWro8bMscsa36-BtA	15	1.0	0.175264428636
232	718	C8tlm_j_Xbg	326.56	UCbxeWUKWro8bMscsa36-BtA	48	1.0	0.0746910903943
234	724	F5JbvB2qd_I	305.805	UCbxeWUKWro8bMscsa36-BtA	48	1.0	0.0746910903943
237	713	H4zeaoDEzgU	186.987	UCbxeWUKWro8bMscsa36-BtA	48	1.0	0.0746910903943
241	722	HbvPR2ipKwU	186.019	UCbxeWUKWro8bMscsa36-BtA	48	1.0	0.0746910903943
242	727	J4jirMoR7X4	193.193	UCbxeWUKWro8bMscsa36-BtA	48	1.0	0.0746910903943
246	761	LIqDkHoshBk	103.937	UCbxeWUKWro8bMscsa36-BtA	48	1.0	0.0746910903943
247	762	LIqDkHoshBk	104.571	UCbxeWUKWro8bMscsa36-BtA	4	1.0	0.0735689477912
244	723	Lha914AL56E	37.3373	UCbxeWUKWro8bMscsa36-BtA	48	1.0	0.0746910903943
249	729	OUE8nkHEwlo	121.255	UCbxeWUKWro8bMscsa36-BtA	48	1.0	0.0746910903943
268	738	WNA04ZgltEo	337.571	UCbxeWUKWro8bMscsa36-BtA	48	1.0	0.0746910903943
272	775	WrqsfV9Hiwk	5.7057	UCbxeWUKWro8bMscsa36-BtA	4	1.0	0.0735689477912
276	779	WrqsfV9Hiwk	122.322	UCbxeWUKWro8bMscsa36-BtA	48	1.0	0.0746910903943
298	806	XKOwncyuNu0	43.4768	UCbxeWUKWro8bMscsa36-BtA	48	1.0	0.0746910903943
299	757	XyAPKdvKWhY	103.904	UCbxeWUKWro8bMscsa36-BtA	48	1.0	0.0746910903943
236	696	fSRJJb3LgUs	122.089	UCbxeWUKWro8bMscsa36-BtA	48	1.0	0.0746910903943
248	731	nNSHkRgWE_M	279.579	UCbxeWUKWro8bMscsa36-BtA	48	1.0	0.0746910903943
252	737	qCD3CA1jIBw	315.982	UCbxeWUKWro8bMscsa36-BtA	48	1.0	0.0746910903943
253	747	riPptnaMRe8	209.643	UCbxeWUKWro8bMscsa36-BtA	48	1.0	0.0746910903943
257	751	tFvm_aEzEe0	17.5842	UCbxeWUKWro8bMscsa36-BtA	2	1.0	0.223354310267
259	753	tFvm_aEzEe0	148.081	UCbxeWUKWro8bMscsa36-BtA	48	1.0	0.0746910903943
261	755	tFvm_aEzEe0	11.7784	UCbxeWUKWro8bMscsa36-BtA	15	0.376796742618	0.175264428636
262	756	tFvm_aEzEe0	61.5949	UCbxeWUKWro8bMscsa36-BtA	15	1.0	0.175264428636
263	826	uADTIg1FIxM	371.171	UCbxeWUKWro8bMscsa36-BtA	4	0.865994530911	0.0735689477912
267	830	uADTIg1FIxM	276.143	UCbxeWUKWro8bMscsa36-BtA	48	0.82525084264	0.0746910903943
301	542	1lF0bJJSii4	240.907	UCdMdGdabsaWIzSbmE1phGBQ	82	0.954898976876	0.0502880680541
311	563	6GuCgWGkYQg	13.2215	UCdMdGdabsaWIzSbmE1phGBQ	77	0.749920963709	0.0952699983837
312	564	6GuCgWGkYQg	13.0547	UCdMdGdabsaWIzSbmE1phGBQ	77	0.759880083489	0.0952699983837
314	566	6GuCgWGkYQg	69.1524	UCdMdGdabsaWIzSbmE1phGBQ	82	0.87986938258	0.0502880680541
317	557	AreuLh1DL6A	134.835	UCdMdGdabsaWIzSbmE1phGBQ	82	1.0	0.0502880680541
329	625	BH2EygV883s	336.169	UCdMdGdabsaWIzSbmE1phGBQ	82	0.805508472608	0.0502880680541
333	629	BHLZttNXIQg	472.706	UCdMdGdabsaWIzSbmE1phGBQ	82	0.854934656107	0.0502880680541
325	635	BfYMebQS5lU	528.561	UCdMdGdabsaWIzSbmE1phGBQ	82	0.934389733258	0.0502880680541
326	636	BfYMebQS5lU	514.948	UCdMdGdabsaWIzSbmE1phGBQ	77	1.0	0.0952699983837
335	639	CqRbkbKTIK0	756.089	UCdMdGdabsaWIzSbmE1phGBQ	82	1.0	0.0502880680541
340	595	I3nYY61Cb20	153.253	UCdMdGdabsaWIzSbmE1phGBQ	82	1.0	0.0502880680541
341	596	I3nYY61Cb20	10.1435	UCdMdGdabsaWIzSbmE1phGBQ	79	0.910359778552	0.0645039687441
349	584	I9tdzISTXmA	4.57123	UCdMdGdabsaWIzSbmE1phGBQ	82	0.78511822333	0.0502880680541
350	585	I9tdzISTXmA	48.9155	UCdMdGdabsaWIzSbmE1phGBQ	82	1.0	0.0502880680541
351	586	I9tdzISTXmA	17.9179	UCdMdGdabsaWIzSbmE1phGBQ	82	0.846193561475	0.0502880680541
354	592	ItYQ1PM-xeM	13.9139	UCdMdGdabsaWIzSbmE1phGBQ	79	1.0	0.0645039687441
355	593	ItYQ1PM-xeM	22.3223	UCdMdGdabsaWIzSbmE1phGBQ	82	0.79288760403	0.0502880680541
358	632	KXeM4aWWLDU	92.8928	UCdMdGdabsaWIzSbmE1phGBQ	84	1.0	0.1781837931
359	633	KXeM4aWWLDU	63.3299	UCdMdGdabsaWIzSbmE1phGBQ	77	1.0	0.0952699983837
360	634	KXeM4aWWLDU	274.04	UCdMdGdabsaWIzSbmE1phGBQ	82	1.0	0.0502880680541
368	598	N3jg9JsMPRU	45.9793	UCdMdGdabsaWIzSbmE1phGBQ	79	1.0	0.0645039687441
369	599	N3jg9JsMPRU	59.1257	UCdMdGdabsaWIzSbmE1phGBQ	82	1.0	0.0502880680541
372	602	N3jg9JsMPRU	20.5205	UCdMdGdabsaWIzSbmE1phGBQ	77	1.0	0.0952699983837
374	588	NKHJg-P4m2A	85.8524	UCdMdGdabsaWIzSbmE1phGBQ	82	1.0	0.0502880680541
378	589	OL90oP4Osd4	78.1114	UCdMdGdabsaWIzSbmE1phGBQ	82	1.0	0.0502880680541
380	618	PcRkWLoM7Io	14.3477	UCdMdGdabsaWIzSbmE1phGBQ	84	0.497989373333	0.1781837931
383	621	PcRkWLoM7Io	25.5255	UCdMdGdabsaWIzSbmE1phGBQ	77	0.96050879125	0.0952699983837
384	622	PcRkWLoM7Io	164.431	UCdMdGdabsaWIzSbmE1phGBQ	82	1.0	0.0502880680541
385	623	PcRkWLoM7Io	10.377	UCdMdGdabsaWIzSbmE1phGBQ	82	0.785115514819	0.0502880680541
401	648	R8v-jXyGKV8	116.617	UCdMdGdabsaWIzSbmE1phGBQ	77	1.0	0.0952699983837
402	649	R8v-jXyGKV8	57.0236	UCdMdGdabsaWIzSbmE1phGBQ	84	1.0	0.1781837931
404	651	R8v-jXyGKV8	397.564	UCdMdGdabsaWIzSbmE1phGBQ	82	1.0	0.0502880680541
410	666	RRRozRtKxqA	321.021	UCdMdGdabsaWIzSbmE1phGBQ	82	1.0	0.0502880680541
391	669	R_KvD57QELw	126.627	UCdMdGdabsaWIzSbmE1phGBQ	77	0.894638279752	0.0952699983837
319	610	bcnFRtlINPk	67.0336	UCdMdGdabsaWIzSbmE1phGBQ	77	0.684948601369	0.0952699983837
320	611	bcnFRtlINPk	114.381	UCdMdGdabsaWIzSbmE1phGBQ	17	0.701603654147	0.177734281878
322	613	bcnFRtlINPk	170.671	UCdMdGdabsaWIzSbmE1phGBQ	82	0.898957155032	0.0502880680541
337	608	eD2K7qraaO4	584.384	UCdMdGdabsaWIzSbmE1phGBQ	82	1.0	0.0502880680541
338	609	eD2K7qraaO4	193.794	UCdMdGdabsaWIzSbmE1phGBQ	84	0.559881133554	0.1781837931
339	607	f8woE_JLi00	579.712	UCdMdGdabsaWIzSbmE1phGBQ	82	0.897354512816	0.0502880680541
357	616	jJYFiiFuNVc	703.97	UCdMdGdabsaWIzSbmE1phGBQ	82	0.978725208617	0.0502880680541
361	630	l6E0VngHSOM	186.853	UCdMdGdabsaWIzSbmE1phGBQ	82	0.912238674453	0.0502880680541
365	605	mQu8YmPlc24	115.649	UCdMdGdabsaWIzSbmE1phGBQ	82	0.785115981099	0.0502880680541
366	606	mQu8YmPlc24	50.9175	UCdMdGdabsaWIzSbmE1phGBQ	82	1.0	0.0502880680541
375	644	o9NtLP901U0	344.044	UCdMdGdabsaWIzSbmE1phGBQ	82	0.846975508228	0.0502880680541
386	641	pzP3K6pGsTc	480.347	UCdMdGdabsaWIzSbmE1phGBQ	82	1.0	0.0502880680541
387	642	pzP3K6pGsTc	270.036	UCdMdGdabsaWIzSbmE1phGBQ	84	0.876225884687	0.1781837931
388	643	pzP3K6pGsTc	157.09	UCdMdGdabsaWIzSbmE1phGBQ	77	1.0	0.0952699983837
406	655	rGS4yUZb0fE	73.073	UCdMdGdabsaWIzSbmE1phGBQ	82	1.0	0.0502880680541
407	657	rGS4yUZb0fE	286.186	UCdMdGdabsaWIzSbmE1phGBQ	84	0.606276353219	0.1781837931
413	656	uLBVSguZqhw	53.8204	UCdMdGdabsaWIzSbmE1phGBQ	82	1.0	0.0502880680541
419	664	uLBVSguZqhw	56.056	UCdMdGdabsaWIzSbmE1phGBQ	17	1.0	0.177734281878
420	678	vitAlSupvjo	104.271	UCdMdGdabsaWIzSbmE1phGBQ	77	1.0	0.0952699983837
421	679	vitAlSupvjo	282.482	UCdMdGdabsaWIzSbmE1phGBQ	82	1.0	0.0502880680541
422	680	xPDP7k5uWXM	339.506	UCdMdGdabsaWIzSbmE1phGBQ	77	1.0	0.0952699983837
423	681	xPDP7k5uWXM	343.009	UCdMdGdabsaWIzSbmE1phGBQ	82	1.0	0.0502880680541
424	684	yestd6hhzGU	29.8965	UCdMdGdabsaWIzSbmE1phGBQ	82	0.789365628743	0.0502880680541
430	704	z8QcVpTDEcU	99.3326	UCdMdGdabsaWIzSbmE1phGBQ	17	1.0	0.177734281878
433	707	z8QcVpTDEcU	139.139	UCdMdGdabsaWIzSbmE1phGBQ	84	0.799069818404	0.1781837931
435	709	z8QcVpTDEcU	300.7	UCdMdGdabsaWIzSbmE1phGBQ	82	1.0	0.0502880680541
519	148	2cUYtO6LSEc	45.6456	UCfYZRHQWV-evwn5kzQsK2Gg	54	1.0	0.220081285244
520	179	4M_zgvhibug	567.567	UCfYZRHQWV-evwn5kzQsK2Gg	54	1.0	0.220081285244
521	149	71A6NP58V44	74.6079	UCfYZRHQWV-evwn5kzQsK2Gg	54	1.0	0.220081285244
522	154	9n-FF9L9xtg	50.6172	UCfYZRHQWV-evwn5kzQsK2Gg	54	1.0	0.220081285244
524	157	CewT_DtQuXQ	51.1511	UCfYZRHQWV-evwn5kzQsK2Gg	54	1.0	0.220081285244
532	174	DFxgP-_tcEw	26.4931	UCfYZRHQWV-evwn5kzQsK2Gg	55	1.0	0.158582360138
534	176	DsfD0xgNwc8	90.0233	UCfYZRHQWV-evwn5kzQsK2Gg	54	0.961763067922	0.220081285244
537	177	GYsgLFZgd94	78.2448	UCfYZRHQWV-evwn5kzQsK2Gg	55	1.0	0.158582360138
547	189	OZcotJaPDSw	8.04137	UCfYZRHQWV-evwn5kzQsK2Gg	39	1.0	0.408923954632
548	190	OZcotJaPDSw	8.04137	UCfYZRHQWV-evwn5kzQsK2Gg	26	1.0	0.313284873969
549	191	OZcotJaPDSw	8.04137	UCfYZRHQWV-evwn5kzQsK2Gg	66	1.0	0.30195228719
550	192	OZcotJaPDSw	6.97363	UCfYZRHQWV-evwn5kzQsK2Gg	67	1.0	0.181568324371
552	194	OZcotJaPDSw	9.64297	UCfYZRHQWV-evwn5kzQsK2Gg	65	1.0	0.20708335632
553	195	OZcotJaPDSw	56.1561	UCfYZRHQWV-evwn5kzQsK2Gg	54	1.0	0.220081285244
555	197	OZcotJaPDSw	8.07473	UCfYZRHQWV-evwn5kzQsK2Gg	49	1.0	0.465653516809
545	201	Oj9OKfncYZk	179.246	UCfYZRHQWV-evwn5kzQsK2Gg	54	1.0	0.220081285244
556	186	PbGNuVm_GMA	63.8304	UCfYZRHQWV-evwn5kzQsK2Gg	54	0.913914365727	0.220081285244
580	199	UupXYmByQTE	67.2005	UCfYZRHQWV-evwn5kzQsK2Gg	54	1.0	0.220081285244
536	185	ehgjVVtGe0c	68.9689	UCfYZRHQWV-evwn5kzQsK2Gg	54	1.0	0.220081285244
540	183	k4pEkTHbQW0	62.3957	UCfYZRHQWV-evwn5kzQsK2Gg	54	1.0	0.220081285244
541	180	l0GOey0l-Is	52.5525	UCfYZRHQWV-evwn5kzQsK2Gg	54	1.0	0.220081285244
544	188	mdMjMwVx64U	124.124	UCfYZRHQWV-evwn5kzQsK2Gg	54	1.0	0.220081285244
560	230	rFWF8_1vjQA	58.8254	UCfYZRHQWV-evwn5kzQsK2Gg	37	1.0	0.10389476953
578	248	rFWF8_1vjQA	30.6973	UCfYZRHQWV-evwn5kzQsK2Gg	38	1.0	0.0655292785539
581	200	y3lgrCiWIxI	66.066	UCfYZRHQWV-evwn5kzQsK2Gg	54	1.0	0.220081285244
634	83	8YQ7-H6jtk4	3.4034	UCjTVNkbx5megxlnl1spy2jg	42	0.655517032723	0.0981029165248
643	100	8YQ7-H6jtk4	5.83917	UCjTVNkbx5megxlnl1spy2jg	1	0.685887810541	0.0651119441041
644	101	8YQ7-H6jtk4	5.83917	UCjTVNkbx5megxlnl1spy2jg	1	1.0	0.0651119441041
645	102	8YQ7-H6jtk4	5.83917	UCjTVNkbx5megxlnl1spy2jg	1	1.0	0.0651119441041
647	39310	F040CJjjhXA	101.435	UCjTVNkbx5megxlnl1spy2jg	53	0.649301003656	0.0933349835314
648	39311	F040CJjjhXA	72.8394	UCjTVNkbx5megxlnl1spy2jg	59	1.0	0.0999100657768
660	109	QwkzJSrVaXA	209.676	UCjTVNkbx5megxlnl1spy2jg	59	1.0	0.0999100657768
682	62	Z0FujJwvLQI	21.5549	UCjTVNkbx5megxlnl1spy2jg	40	1.0	0.204335495732
654	52	jIan9sdwD2Q	522.165	UCjTVNkbx5megxlnl1spy2jg	59	0.790577062381	0.0999100657768
662	136	rz6EHIy_YmI	374.875	UCjTVNkbx5megxlnl1spy2jg	53	1.0	0.0933349835314
667	81	u_VC0qVd6Kc	7.77443	UCjTVNkbx5megxlnl1spy2jg	53	1.0	0.0933349835314
694	444	-4UFB0CBrFI	201.607	UCl0mpynmsGpbrJn98xlZGWQ	68	0.867316842151	0.065347857122
695	445	-4UFB0CBrFI	206.733	UCl0mpynmsGpbrJn98xlZGWQ	63	1.0	0.0760661773203
699	458	-Lrv7jtAcOc	508.042	UCl0mpynmsGpbrJn98xlZGWQ	63	0.9871303217	0.0760661773203
700	459	-Lrv7jtAcOc	453.941	UCl0mpynmsGpbrJn98xlZGWQ	72	1.0	0.0678412734224
696	431	-kzcWbC55XY	334.453	UCl0mpynmsGpbrJn98xlZGWQ	71	0.925493813943	0.0579075460161
697	432	-kzcWbC55XY	269.994	UCl0mpynmsGpbrJn98xlZGWQ	63	1.0	0.0760661773203
701	449	5fD7POSsiWY	152.757	UCl0mpynmsGpbrJn98xlZGWQ	63	1.0	0.0760661773203
724	483	Qz1iBRpoa2I	372.84	UCl0mpynmsGpbrJn98xlZGWQ	72	1.0	0.0678412734224
725	485	Qz1iBRpoa2I	318.706	UCl0mpynmsGpbrJn98xlZGWQ	63	1.0	0.0760661773203
730	475	ReyZZ8r1B-w	355.665	UCl0mpynmsGpbrJn98xlZGWQ	71	0.88023084021	0.0579075460161
731	476	ReyZZ8r1B-w	440.59	UCl0mpynmsGpbrJn98xlZGWQ	63	0.984668381449	0.0760661773203
703	429	bE6tZ72_ZM0	202.828	UCl0mpynmsGpbrJn98xlZGWQ	63	1.0	0.0760661773203
704	430	bE6tZ72_ZM0	117.139	UCl0mpynmsGpbrJn98xlZGWQ	68	0.937549359339	0.065347857122
707	427	d-Z5Ters7IQ	71.1047	UCl0mpynmsGpbrJn98xlZGWQ	63	1.0	0.0760661773203
708	428	d-Z5Ters7IQ	92.2317	UCl0mpynmsGpbrJn98xlZGWQ	68	1.0	0.065347857122
711	423	dSYQ9BWl8JM	42.0138	UCl0mpynmsGpbrJn98xlZGWQ	63	0.8191523236	0.0760661773203
714	460	f3pGe-3s_jE	266.392	UCl0mpynmsGpbrJn98xlZGWQ	71	0.848459823244	0.0579075460161
716	462	f3pGe-3s_jE	313.81	UCl0mpynmsGpbrJn98xlZGWQ	63	1.0	0.0760661773203
719	490	lu6riC9qqIk	551.67	UCl0mpynmsGpbrJn98xlZGWQ	63	0.829143569387	0.0760661773203
721	468	ppRySHDBCBM	187.51	UCl0mpynmsGpbrJn98xlZGWQ	63	1.0	0.0760661773203
727	453	r_fWq3aymvQ	157.56	UCl0mpynmsGpbrJn98xlZGWQ	63	1.0	0.0760661773203
728	454	r_fWq3aymvQ	136.986	UCl0mpynmsGpbrJn98xlZGWQ	71	1.0	0.0579075460161
732	419	rlhHsABogKA	23.4108	UCl0mpynmsGpbrJn98xlZGWQ	63	0.933814806234	0.0760661773203
733	420	rlhHsABogKA	14.8569	UCl0mpynmsGpbrJn98xlZGWQ	68	1.0	0.065347857122
735	492	v8VAKxFW1mQ	458.258	UCl0mpynmsGpbrJn98xlZGWQ	63	0.918461431688	0.0760661773203
737	471	x9KYLLEIIbo	168.909	UCl0mpynmsGpbrJn98xlZGWQ	63	1.0	0.0760661773203
738	472	x9KYLLEIIbo	172.65	UCl0mpynmsGpbrJn98xlZGWQ	71	1.0	0.0579075460161
742	37	-YCJOI3u1Gk	194.895	UCnfUCP_4nSws4KUI4Nkdaig	75	0.914898002809	0.221798055449
745	73	aHCsK3av2qc	99.466	UCnfUCP_4nSws4KUI4Nkdaig	75	1.0	0.221798055449
752	38	eeMdxxtOpAg	302.802	UCnfUCP_4nSws4KUI4Nkdaig	75	0.984539972609	0.221798055449
753	39	me7wa2u0PhY	214.915	UCnfUCP_4nSws4KUI4Nkdaig	75	1.0	0.221798055449
755	44	rCAhE2kC5_o	279.846	UCnfUCP_4nSws4KUI4Nkdaig	42	1.0	0.0981029165248
756	46	rCAhE2kC5_o	177.544	UCnfUCP_4nSws4KUI4Nkdaig	75	1.0	0.221798055449
757	47	yuRDsGzm-Sc	397.697	UCnfUCP_4nSws4KUI4Nkdaig	42	1.0	0.0981029165248
758	48	yuRDsGzm-Sc	209.843	UCnfUCP_4nSws4KUI4Nkdaig	75	1.0	0.221798055449
761	210	CPytGM36EmE	82.9495	UCnsZ4GPxvLUmadQuxwXxaHw	5	1.0	0.126223253018
764	213	CPytGM36EmE	37.6376	UCnsZ4GPxvLUmadQuxwXxaHw	12	1.0	0.138246765364
765	219	DgE1G4pFxT8	347.047	UCnsZ4GPxvLUmadQuxwXxaHw	12	1.0	0.138246765364
766	206	EIgDQvYrERY	272.806	UCnsZ4GPxvLUmadQuxwXxaHw	12	1.0	0.138246765364
768	222	FVdQhPaTqyk	212.045	UCnsZ4GPxvLUmadQuxwXxaHw	12	1.0	0.138246765364
769	223	FVdQhPaTqyk	19.1191	UCnsZ4GPxvLUmadQuxwXxaHw	12	0.611059361652	0.138246765364
771	250	KzPYdiCBHSY	264.998	UCnsZ4GPxvLUmadQuxwXxaHw	12	1.0	0.138246765364
782	249	ZLf5jT2ovcs	220.053	UCnsZ4GPxvLUmadQuxwXxaHw	12	1.0	0.138246765364
777	214	Z_I8Y8p7AyM	23.7904	UCnsZ4GPxvLUmadQuxwXxaHw	12	0.531482010008	0.138246765364
780	217	Z_I8Y8p7AyM	80.2135	UCnsZ4GPxvLUmadQuxwXxaHw	12	0.919702975667	0.138246765364
770	224	kSvbp148sbs	450.817	UCnsZ4GPxvLUmadQuxwXxaHw	12	0.98728312856	0.138246765364
773	220	oeP_TDUKOxU	137.671	UCnsZ4GPxvLUmadQuxwXxaHw	76	1.0	0.0718803093523
775	225	pJGIrlts0h8	24.7914	UCnsZ4GPxvLUmadQuxwXxaHw	76	1.0	0.0718803093523
776	226	pJGIrlts0h8	249.816	UCnsZ4GPxvLUmadQuxwXxaHw	12	1.0	0.138246765364
806	315	9jr2R5B2vJE	151.852	UCxK8FgwjHujWeRj4aJOErgw	19	0.570259136602	0.207770848491
809	323	HvpOXTGDRSY	517.083	UCxK8FgwjHujWeRj4aJOErgw	19	1.0	0.207770848491
816	330	LJFtKEtDoq0	446.546	UCxK8FgwjHujWeRj4aJOErgw	19	0.707765463648	0.207770848491
818	347	LPSmi0Eu0cs	597.764	UCxK8FgwjHujWeRj4aJOErgw	19	1.0	0.207770848491
829	334	Tx7wjVPbyb8	0.6006	UCxK8FgwjHujWeRj4aJOErgw	66	0.698667573782	0.30195228719
830	335	Tx7wjVPbyb8	120.387	UCxK8FgwjHujWeRj4aJOErgw	19	1.0	0.207770848491
808	317	eJWSSaLkYa4	167.567	UCxK8FgwjHujWeRj4aJOErgw	19	1.0	0.207770848491
810	312	jRm_Mxi92to	37.7711	UCxK8FgwjHujWeRj4aJOErgw	19	0.5551555833	0.207770848491
812	336	jw2GIOb6UPc	490.19	UCxK8FgwjHujWeRj4aJOErgw	19	1.0	0.207770848491
814	332	kltjzqFDQw8	560.093	UCxK8FgwjHujWeRj4aJOErgw	19	0.835345319845	0.207770848491
822	351	p_0tEafIC4U	504.304	UCxK8FgwjHujWeRj4aJOErgw	19	0.808611603	0.207770848491
824	326	qH3f75vmJnw	116.583	UCxK8FgwjHujWeRj4aJOErgw	19	0.654716031394	0.207770848491
826	342	r-WdSBpB384	68.7687	UCxK8FgwjHujWeRj4aJOErgw	19	0.790508533312	0.207770848491
827	358	s8Tp1fRbGv0	597.197	UCxK8FgwjHujWeRj4aJOErgw	19	1.0	0.207770848491
833	369	ujuavyc4RN8	16.2162	UCxK8FgwjHujWeRj4aJOErgw	20	1.0	0.168805445929
834	370	ujuavyc4RN8	10.5105	UCxK8FgwjHujWeRj4aJOErgw	20	1.0	0.168805445929
835	371	ujuavyc4RN8	286.319	UCxK8FgwjHujWeRj4aJOErgw	19	0.923881881695	0.207770848491
836	372	ujuavyc4RN8	1.13447	UCxK8FgwjHujWeRj4aJOErgw	19	0.597001135994	0.207770848491
837	355	wlvgdDJNrbg	219.686	UCxK8FgwjHujWeRj4aJOErgw	19	1.0	0.207770848491
840	345	yJoZkDU7S5c	76.6432	UCxK8FgwjHujWeRj4aJOErgw	19	0.824939145353	0.207770848491
841	346	yJoZkDU7S5c	8.67533	UCxK8FgwjHujWeRj4aJOErgw	19	0.527421101761	0.207770848491
842	379	64AiD8g3EuM	173.373	UCxW6kswHdM0gcRMopggPIvQ	51	0.937118229867	0.135359543484
845	389	A-8LzPyBP-g	123.457	UCxW6kswHdM0gcRMopggPIvQ	51	0.782338100006	0.135359543484
847	383	BKEjp06wIbk	146.246	UCxW6kswHdM0gcRMopggPIvQ	51	1.0	0.135359543484
853	393	PhchsyTzUZs	109.676	UCxW6kswHdM0gcRMopggPIvQ	51	1.0	0.135359543484
859	402	W3NhtfktX08	150.917	UCxW6kswHdM0gcRMopggPIvQ	51	1.0	0.135359543484
849	392	d216F8ZaikQ	276.71	UCxW6kswHdM0gcRMopggPIvQ	51	1.0	0.135359543484
850	390	eTy_4V_to24	67.434	UCxW6kswHdM0gcRMopggPIvQ	51	0.926476522829	0.135359543484
851	381	m3GkYIwdrIk	103.804	UCxW6kswHdM0gcRMopggPIvQ	51	1.0	0.135359543484
854	411	sMdA3cyoWlk	120.62	UCxW6kswHdM0gcRMopggPIvQ	51	0.820876201524	0.135359543484
855	412	sMdA3cyoWlk	109.776	UCxW6kswHdM0gcRMopggPIvQ	5	1.0	0.126223253018
856	413	sMdA3cyoWlk	90.3236	UCxW6kswHdM0gcRMopggPIvQ	12	1.0	0.138246765364
861	858	0-EKAyGQAkU	334.835	UCz09qEPPNLdP7BG3baywE8w	58	1.0	0.108350107889
863	860	0-EKAyGQAkU	183.433	UCz09qEPPNLdP7BG3baywE8w	24	0.892341911574	0.116751294124
867	877	6yevIMoxB2Y	59.1007	UCz09qEPPNLdP7BG3baywE8w	58	1.0	0.108350107889
868	855	93n6AonDivk	2.5025	UCz09qEPPNLdP7BG3baywE8w	58	1.0	0.108350107889
869	856	93n6AonDivk	26.4014	UCz09qEPPNLdP7BG3baywE8w	58	1.0	0.108350107889
870	857	93n6AonDivk	2.002	UCz09qEPPNLdP7BG3baywE8w	58	0.785608629298	0.108350107889
876	866	FvMqJWxVxSw	262.471	UCz09qEPPNLdP7BG3baywE8w	58	1.0	0.108350107889
884	883	Li9GKLVS0so	454.287	UCz09qEPPNLdP7BG3baywE8w	58	1.0	0.108350107889
887	884	LjUNkkeQWu0	232.607	UCz09qEPPNLdP7BG3baywE8w	58	0.916766762656	0.108350107889
888	885	LjUNkkeQWu0	91.0076	UCz09qEPPNLdP7BG3baywE8w	58	0.7165654923	0.108350107889
889	872	LwZmsZ2Q1Nc	231.698	UCz09qEPPNLdP7BG3baywE8w	58	1.0	0.108350107889
891	880	QadW6q78gaU	237.938	UCz09qEPPNLdP7BG3baywE8w	58	1.0	0.108350107889
892	881	U2gTp_Tpn-A	443.276	UCz09qEPPNLdP7BG3baywE8w	58	0.824384979578	0.108350107889
896	894	WOAgVf-pUeg	355.388	UCz09qEPPNLdP7BG3baywE8w	58	1.0	0.108350107889
903	891	ZtqfcL1FFPo	589.089	UCz09qEPPNLdP7BG3baywE8w	58	1.0	0.108350107889
905	893	ZtqfcL1FFPo	53.0947	UCz09qEPPNLdP7BG3baywE8w	24	1.0	0.116751294124
860	852	_gjGXK2j1DI	300.884	UCz09qEPPNLdP7BG3baywE8w	58	1.0	0.108350107889
871	853	a4ipSBb9Ijk	60.3603	UCz09qEPPNLdP7BG3baywE8w	58	1.0	0.108350107889
873	863	c-Qag2F1cMU	245.787	UCz09qEPPNLdP7BG3baywE8w	58	1.0	0.108350107889
875	864	dpMkpZf0VHk	365.699	UCz09qEPPNLdP7BG3baywE8w	58	0.69966628757	0.108350107889
878	861	g9rpw933se4	208.708	UCz09qEPPNLdP7BG3baywE8w	58	0.98576350173	0.108350107889
880	878	hpkDgjBSk60	393.059	UCz09qEPPNLdP7BG3baywE8w	58	1.0	0.108350107889
882	868	i3b7uhby5YI	323.256	UCz09qEPPNLdP7BG3baywE8w	58	1.0	0.108350107889
885	870	lIsX1CpLJ5M	191.024	UCz09qEPPNLdP7BG3baywE8w	58	1.0	0.108350107889
886	871	lIsX1CpLJ5M	36.9953	UCz09qEPPNLdP7BG3baywE8w	24	1.0	0.116751294124
894	886	vcJwSlpK2jY	161.595	UCz09qEPPNLdP7BG3baywE8w	58	1.0	0.108350107889
895	887	vcJwSlpK2jY	232.999	UCz09qEPPNLdP7BG3baywE8w	58	0.716768828624	0.108350107889
900	888	xoKrrOvP9q4	498.581	UCz09qEPPNLdP7BG3baywE8w	58	1.0	0.108350107889
901	889	ylujGWUJtDk	328.286	UCz09qEPPNLdP7BG3baywE8w	58	1.0	0.108350107889
