	id	videoID	duration	channel	label	proba	pers
0	555	E0oQt8mtYK4	407.274	UC1LG7YDL7OLD6VvdPAmyjiA	2	1.0	0.176391921338
1	556	E0oQt8mtYK4	393.36	UC1LG7YDL7OLD6VvdPAmyjiA	5	0.986344917144	0.0956511198884
5	558	TpwlVBgmrUc	370.871	UC1LG7YDL7OLD6VvdPAmyjiA	2	0.895777777522	0.176391921338
6	559	TpwlVBgmrUc	615.381	UC1LG7YDL7OLD6VvdPAmyjiA	5	1.0	0.0956511198884
3	544	rAXYNd1CA9A	537.203	UC1LG7YDL7OLD6VvdPAmyjiA	5	0.980298891222	0.0956511198884
4	545	rAXYNd1CA9A	559.492	UC1LG7YDL7OLD6VvdPAmyjiA	2	1.0	0.176391921338
7	560	yTM8ps35-24	544.677	UC1LG7YDL7OLD6VvdPAmyjiA	5	1.0	0.0956511198884
8	561	yTM8ps35-24	598.531	UC1LG7YDL7OLD6VvdPAmyjiA	2	1.0	0.176391921338
41	414	5uGpMmE7jQY	318.668	UC2FfW6_YHXUSfsndM2R37cQ	3	0.904158505831	0.12986711304
44	434	F76ntKET30k	446.153	UC2FfW6_YHXUSfsndM2R37cQ	33	0.801479148049	0.102710819477
45	435	F76ntKET30k	471.496	UC2FfW6_YHXUSfsndM2R37cQ	3	0.997399369578	0.12986711304
46	417	V60JXBzi_Vc	480.942	UC2FfW6_YHXUSfsndM2R37cQ	3	0.980952023847	0.12986711304
42	415	cv22idODm9Y	239.773	UC2FfW6_YHXUSfsndM2R37cQ	36	0.941006036945	0.164507769799
43	416	cv22idODm9Y	222.889	UC2FfW6_YHXUSfsndM2R37cQ	3	1.0	0.12986711304
9	103	-AJuqXp5YLQ	189.823	UC2bYhAHyaqfWlPXWBVk4BcA	37	0.90876618892	0.156395200729
11	80	-sOb5xtyfBI	261.294	UC2bYhAHyaqfWlPXWBVk4BcA	37	0.935684462004	0.156395200729
12	105	1Bz2BnK3Lio	87.2205	UC2bYhAHyaqfWlPXWBVk4BcA	37	1.0	0.156395200729
13	108	3wDlEQ6wcPs	196.697	UC2bYhAHyaqfWlPXWBVk4BcA	37	1.0	0.156395200729
15	121	9fTVHcXrdK0	127.995	UC2bYhAHyaqfWlPXWBVk4BcA	37	0.982090572704	0.156395200729
18	115	BiUF8qQrXMA	145.345	UC2bYhAHyaqfWlPXWBVk4BcA	37	0.930174778693	0.156395200729
19	114	CmM5nUMA_SA	167.968	UC2bYhAHyaqfWlPXWBVk4BcA	37	0.89904968024	0.156395200729
20	116	CqugMysYaIM	204.071	UC2bYhAHyaqfWlPXWBVk4BcA	37	0.948270456123	0.156395200729
28	125	EJh2HxD2YYg	121.021	UC2bYhAHyaqfWlPXWBVk4BcA	37	0.901289464751	0.156395200729
36	130	MrjF_C7lWKM	225.859	UC2bYhAHyaqfWlPXWBVk4BcA	37	0.809816447652	0.156395200729
17	113	aqIOxteRj6c	322.789	UC2bYhAHyaqfWlPXWBVk4BcA	37	0.929193055022	0.156395200729
21	117	ctv97Mj5iaI	87.4207	UC2bYhAHyaqfWlPXWBVk4BcA	37	1.0	0.156395200729
22	118	ctv97Mj5iaI	101.635	UC2bYhAHyaqfWlPXWBVk4BcA	37	0.737617089708	0.156395200729
24	127	d3g2tUCAEHQ	238.305	UC2bYhAHyaqfWlPXWBVk4BcA	37	0.961653041886	0.156395200729
29	126	ht9BRzbz9j4	250.851	UC2bYhAHyaqfWlPXWBVk4BcA	37	1.0	0.156395200729
31	139	hzBk_Q1gA_g	161.728	UC2bYhAHyaqfWlPXWBVk4BcA	37	1.0	0.156395200729
34	146	mmX-F7I4NYA	265.298	UC2bYhAHyaqfWlPXWBVk4BcA	37	0.952624537055	0.156395200729
37	134	pUOiGPTZMhQ	204.504	UC2bYhAHyaqfWlPXWBVk4BcA	37	1.0	0.156395200729
39	151	t08qE40UByc	338.071	UC2bYhAHyaqfWlPXWBVk4BcA	37	0.875340605038	0.156395200729
40	147	yIa7B8UF384	113.413	UC2bYhAHyaqfWlPXWBVk4BcA	37	0.986433944248	0.156395200729
48	263	1EUt85Apcbg	28.2525	UC45zwHCRNT5jA8sC5DUW7oQ	33	0.746938260745	0.102710819477
50	310	1WEosoTt-7s	400.248	UC45zwHCRNT5jA8sC5DUW7oQ	33	0.921740704522	0.102710819477
52	299	6aDheKJXEZw	79.2651	UC45zwHCRNT5jA8sC5DUW7oQ	33	1.0	0.102710819477
53	300	6aDheKJXEZw	15.7995	UC45zwHCRNT5jA8sC5DUW7oQ	33	1.0	0.102710819477
57	292	GDFa5kL9ng8	228.272	UC45zwHCRNT5jA8sC5DUW7oQ	33	0.932684412592	0.102710819477
61	328	HuX4szgyXlI	262.679	UC45zwHCRNT5jA8sC5DUW7oQ	36	0.980063104349	0.164507769799
62	329	HuX4szgyXlI	221.644	UC45zwHCRNT5jA8sC5DUW7oQ	33	0.838942667475	0.102710819477
64	324	SIlvvCrso1s	238.506	UC45zwHCRNT5jA8sC5DUW7oQ	3	1.0	0.12986711304
65	325	SIlvvCrso1s	264.951	UC45zwHCRNT5jA8sC5DUW7oQ	33	0.734165584463	0.102710819477
68	319	ZdE96tb6hWg	265.274	UC45zwHCRNT5jA8sC5DUW7oQ	33	0.907671496022	0.102710819477
69	320	ZdE96tb6hWg	49.3394	UC45zwHCRNT5jA8sC5DUW7oQ	33	0.712097188948	0.102710819477
54	289	bRIrLzMxYus	199.317	UC45zwHCRNT5jA8sC5DUW7oQ	33	0.791024519243	0.102710819477
55	290	bRIrLzMxYus	28.0817	UC45zwHCRNT5jA8sC5DUW7oQ	1	1.0	0.137773862546
58	304	hLNnT2qQ8RU	270.227	UC45zwHCRNT5jA8sC5DUW7oQ	33	0.840987345075	0.102710819477
71	451	1BqvxnuhE_w	44.8448	UC70WKHZ1X9qIXWmNr0qHGmw	7	0.895518549363	0.108225522628
72	456	3wMRYYtqH2Q	69.6696	UC70WKHZ1X9qIXWmNr0qHGmw	7	1.0	0.108225522628
74	488	4qlNnrUdBfE	75.075	UC70WKHZ1X9qIXWmNr0qHGmw	7	0.99992182786	0.108225522628
76	466	EkKhXt_MpWs	61.7283	UC70WKHZ1X9qIXWmNr0qHGmw	7	1.0	0.108225522628
79	473	GBCxYaCv_Xw	73.8738	UC70WKHZ1X9qIXWmNr0qHGmw	7	0.99992182786	0.108225522628
80	474	GBCxYaCv_Xw	11.1111	UC70WKHZ1X9qIXWmNr0qHGmw	46	1.0	0.314105252274
89	480	Otvxw9mT8n0	65.8324	UC70WKHZ1X9qIXWmNr0qHGmw	7	1.0	0.108225522628
90	481	Otvxw9mT8n0	22.1888	UC70WKHZ1X9qIXWmNr0qHGmw	40	1.0	0.0959580615645
95	493	TGQTGAxsT0Y	45.5121	UC70WKHZ1X9qIXWmNr0qHGmw	7	0.980869004846	0.108225522628
96	484	TO93lGyUsU8	53.7537	UC70WKHZ1X9qIXWmNr0qHGmw	7	0.914881363991	0.108225522628
97	494	XCr2HPxyK7I	56.0894	UC70WKHZ1X9qIXWmNr0qHGmw	7	0.915518446102	0.108225522628
98	495	YwWlHTB1Ya4	42.3423	UC70WKHZ1X9qIXWmNr0qHGmw	7	0.925050928619	0.108225522628
99	498	Zec3Op2Vr_Q	47.681	UC70WKHZ1X9qIXWmNr0qHGmw	7	0.967201395588	0.108225522628
81	477	gr-O-4bnqsk	38.1047	UC70WKHZ1X9qIXWmNr0qHGmw	7	0.91738303855	0.108225522628
83	501	jUqrx5RUJX4	17.2172	UC70WKHZ1X9qIXWmNr0qHGmw	27	0.766736580348	0.105893576321
86	504	jUqrx5RUJX4	8.4084	UC70WKHZ1X9qIXWmNr0qHGmw	29	0.904570607995	0.0551958543725
87	505	jUqrx5RUJX4	23.8238	UC70WKHZ1X9qIXWmNr0qHGmw	29	0.879669145864	0.0551958543725
88	506	jUqrx5RUJX4	28.395	UC70WKHZ1X9qIXWmNr0qHGmw	29	1.0	0.0551958543725
91	507	r5Bhgqxl4iM	414.481	UC70WKHZ1X9qIXWmNr0qHGmw	7	0.871081583191	0.108225522628
101	13	2Ia8-ihCg-8	36.9035	UC7CEVQbvZ6-uy6TRH_c6scg	27	0.879929629927	0.105893576321
103	16	79Wql8OmL3o	40.2736	UC7CEVQbvZ6-uy6TRH_c6scg	27	0.928869676779	0.105893576321
105	18	79Wql8OmL3o	5.97263	UC7CEVQbvZ6-uy6TRH_c6scg	7	0.825643376615	0.108225522628
106	4	9wxF1UC1rWY	38.5051	UC7CEVQbvZ6-uy6TRH_c6scg	27	1.0	0.105893576321
121	25	CQtftDuEhy0	7.54087	UC7CEVQbvZ6-uy6TRH_c6scg	29	0.820765201369	0.0551958543725
124	28	CQtftDuEhy0	11.3113	UC7CEVQbvZ6-uy6TRH_c6scg	29	1.0	0.0551958543725
125	29	CQtftDuEhy0	17.5509	UC7CEVQbvZ6-uy6TRH_c6scg	29	0.932031082279	0.0551958543725
128	32	CQtftDuEhy0	74.9082	UC7CEVQbvZ6-uy6TRH_c6scg	27	0.81355648893	0.105893576321
129	33	CQtftDuEhy0	47.9479	UC7CEVQbvZ6-uy6TRH_c6scg	27	0.723515808501	0.105893576321
135	41	Iczb5exOpLs	273.54	UC7CEVQbvZ6-uy6TRH_c6scg	27	0.811960626474	0.105893576321
140	26771	R877MkpxxUU	34.9349	UC7CEVQbvZ6-uy6TRH_c6scg	27	0.837118787286	0.105893576321
141	26772	R877MkpxxUU	7.5075	UC7CEVQbvZ6-uy6TRH_c6scg	40	1.0	0.0959580615645
143	26774	R877MkpxxUU	7.5075	UC7CEVQbvZ6-uy6TRH_c6scg	6	1.0	0.205649857536
144	43	UFfFaSM2b8A	575.375	UC7CEVQbvZ6-uy6TRH_c6scg	27	0.83800667056	0.105893576321
151	19	ZV0LbCU3QSQ	44.411	UC7CEVQbvZ6-uy6TRH_c6scg	27	0.919481394027	0.105893576321
114	9	bsLG6JpGzWg	30.7974	UC7CEVQbvZ6-uy6TRH_c6scg	27	0.907561910295	0.105893576321
115	10	bsLG6JpGzWg	14.5812	UC7CEVQbvZ6-uy6TRH_c6scg	27	0.704042880823	0.105893576321
118	2	cF4yvjbQgL0	29.3627	UC7CEVQbvZ6-uy6TRH_c6scg	27	0.848342711494	0.105893576321
130	15	d9EUOkCt1aU	44.411	UC7CEVQbvZ6-uy6TRH_c6scg	27	0.898015754237	0.105893576321
131	22	e_lgoIriXf8	41.7751	UC7CEVQbvZ6-uy6TRH_c6scg	27	1.0	0.105893576321
133	21	g7iLJqafwzk	42.6426	UC7CEVQbvZ6-uy6TRH_c6scg	27	0.864540949718	0.105893576321
134	12	gg33UczgsUI	39.1057	UC7CEVQbvZ6-uy6TRH_c6scg	27	0.83468316676	0.105893576321
137	49	mX10Ifcg3tk	60.2602	UC7CEVQbvZ6-uy6TRH_c6scg	27	0.833594718208	0.105893576321
138	50	mX10Ifcg3tk	67.5675	UC7CEVQbvZ6-uy6TRH_c6scg	27	0.91091746954	0.105893576321
139	51	mX10Ifcg3tk	89.089	UC7CEVQbvZ6-uy6TRH_c6scg	27	0.869514218826	0.105893576321
146	26791	v5176SOv28M	53.7203	UC7CEVQbvZ6-uy6TRH_c6scg	27	0.91025122033	0.105893576321
148	34	y9LqQMSZ0zU	48.1481	UC7CEVQbvZ6-uy6TRH_c6scg	27	1.0	0.105893576321
153	252	5qwPM7N2ekA	332.432	UC8aTvyjY38Qf5rS1xBOWI3w	43	0.855518993655	0.129546492349
154	265	Af5jV9lZJAc	418.084	UC8aTvyjY38Qf5rS1xBOWI3w	28	0.953007029835	0.18386259659
155	266	Af5jV9lZJAc	476.843	UC8aTvyjY38Qf5rS1xBOWI3w	43	0.918166340458	0.129546492349
161	267	PXwYJmd_iTg	355.255	UC8aTvyjY38Qf5rS1xBOWI3w	43	0.939477364739	0.129546492349
171	281	QqeDeD1v34c	23.6679	UC8aTvyjY38Qf5rS1xBOWI3w	43	0.791495692873	0.129546492349
173	258	UIc8aK4WsN4	457.057	UC8aTvyjY38Qf5rS1xBOWI3w	43	0.940340386727	0.129546492349
156	253	jcB_Q7uVr78	95.462	UC8aTvyjY38Qf5rS1xBOWI3w	43	0.980251123965	0.129546492349
174	259	wpcfugXwWFQ	105.539	UC8aTvyjY38Qf5rS1xBOWI3w	28	0.759120351036	0.18386259659
176	261	wpcfugXwWFQ	221.755	UC8aTvyjY38Qf5rS1xBOWI3w	43	1.0	0.129546492349
179	743	395DPCLQfQw	62.3623	UCB826yhc1dm8-MEX1x55yAQ	9	1.0	0.26359896745
181	771	5yZgm-IhG0A	43.6436	UCB826yhc1dm8-MEX1x55yAQ	9	0.829880443377	0.26359896745
183	807	EOyfUb8ikoo	57.8912	UCB826yhc1dm8-MEX1x55yAQ	9	0.978024097249	0.26359896745
186	812	FpxLIqmFWfY	103.403	UCB826yhc1dm8-MEX1x55yAQ	9	0.930365395267	0.26359896745
191	833	PhEWVXntA4I	32.9996	UCB826yhc1dm8-MEX1x55yAQ	9	0.849934824624	0.26359896745
193	832	PxYHFVzfuS0	78.7787	UCB826yhc1dm8-MEX1x55yAQ	9	0.931025196493	0.26359896745
198	848	QxrQ-GvV40c	86.7533	UCB826yhc1dm8-MEX1x55yAQ	9	0.891069604025	0.26359896745
204	841	YnGnGpqCVSQ	97.8978	UCB826yhc1dm8-MEX1x55yAQ	9	0.831172745699	0.26359896745
206	843	YnGnGpqCVSQ	10.644	UCB826yhc1dm8-MEX1x55yAQ	40	1.0	0.0959580615645
207	844	YnGnGpqCVSQ	10.6773	UCB826yhc1dm8-MEX1x55yAQ	6	1.0	0.205649857536
208	845	YnGnGpqCVSQ	9.7097	UCB826yhc1dm8-MEX1x55yAQ	46	0.522212146387	0.314105252274
209	846	YnGnGpqCVSQ	10.6773	UCB826yhc1dm8-MEX1x55yAQ	46	1.0	0.314105252274
210	847	YnGnGpqCVSQ	11.6116	UCB826yhc1dm8-MEX1x55yAQ	18	0.595186221212	0.298252675486
182	808	dLtBXB6cn2I	112.446	UCB826yhc1dm8-MEX1x55yAQ	9	1.0	0.26359896745
188	809	hLWXWeqg4Ys	56.8234	UCB826yhc1dm8-MEX1x55yAQ	9	0.804763555758	0.26359896745
189	831	iydBohK2SjM	57.4908	UCB826yhc1dm8-MEX1x55yAQ	9	0.954726897106	0.26359896745
190	819	jaRwkLmGKsg	30.6306	UCB826yhc1dm8-MEX1x55yAQ	9	0.858211339214	0.26359896745
194	850	q7KN_Fr8yrk	393.326	UCB826yhc1dm8-MEX1x55yAQ	9	0.72727424549	0.26359896745
196	835	qXArEttSkwU	101.935	UCB826yhc1dm8-MEX1x55yAQ	9	0.862295224938	0.26359896745
200	839	rRivD2UvdgQ	152.652	UCB826yhc1dm8-MEX1x55yAQ	9	0.938283095678	0.26359896745
201	840	rRivD2UvdgQ	13.8805	UCB826yhc1dm8-MEX1x55yAQ	9	0.668095799265	0.26359896745
202	837	t3vFeKqOAyU	110.41	UCB826yhc1dm8-MEX1x55yAQ	9	0.975074021431	0.26359896745
444	378	9pugTn8WhHw	331.097	UCEbv-pDOAaKEwfIAZw63JsQ	10	0.918774755206	0.117518570824
446	497	A4uePrJ1bGk	4209.34	UCEbv-pDOAaKEwfIAZw63JsQ	10	0.86384082234	0.117518570824
447	386	C0WaAJTA2fc	482.215	UCEbv-pDOAaKEwfIAZw63JsQ	10	1.0	0.117518570824
451	385	Hi4e40e1-cg	368.969	UCEbv-pDOAaKEwfIAZw63JsQ	10	0.978062539229	0.117518570824
452	374	PCGdBb8g87k	73.1064	UCEbv-pDOAaKEwfIAZw63JsQ	10	1.0	0.117518570824
454	398	Q4WWY0LpfRY	95.8624	UCEbv-pDOAaKEwfIAZw63JsQ	10	0.973817823024	0.117518570824
457	395	XrTHuXXx0hw	217.951	UCEbv-pDOAaKEwfIAZw63JsQ	10	0.946106278642	0.117518570824
436	403	_AEdiP5JiZM	60.2602	UCEbv-pDOAaKEwfIAZw63JsQ	10	0.889655204727	0.117518570824
449	396	dLRQJYJ7hIs	166.366	UCEbv-pDOAaKEwfIAZw63JsQ	10	1.0	0.117518570824
450	397	dLRQJYJ7hIs	167.367	UCEbv-pDOAaKEwfIAZw63JsQ	10	0.885194274563	0.117518570824
458	152	-INOYZ5liIM	62.6594	UCFN_n9FTABlwDsB1ncWUBMQ	12	1.0	0.184683351465
459	153	-INOYZ5liIM	51.4129	UCFN_n9FTABlwDsB1ncWUBMQ	12	1.0	0.184683351465
461	131	Fobcg-lzLiQ	21.5224	UCFN_n9FTABlwDsB1ncWUBMQ	12	0.755610944288	0.184683351465
462	132	Fobcg-lzLiQ	21.3885	UCFN_n9FTABlwDsB1ncWUBMQ	12	0.729969779813	0.184683351465
463	133	Fobcg-lzLiQ	11.7152	UCFN_n9FTABlwDsB1ncWUBMQ	12	0.649290556707	0.184683351465
464	203	HFnARO22HgM	324.262	UCFN_n9FTABlwDsB1ncWUBMQ	12	0.667006896154	0.184683351465
468	163	HkpqUeqRkQs	167.276	UCFN_n9FTABlwDsB1ncWUBMQ	12	0.779960863376	0.184683351465
472	160	KW19GuAX9P8	31.2944	UCFN_n9FTABlwDsB1ncWUBMQ	12	0.832783730245	0.184683351465
473	161	KW19GuAX9P8	30.6919	UCFN_n9FTABlwDsB1ncWUBMQ	12	0.734872076497	0.184683351465
474	150	UmLtGlCHqJM	65.6784	UCFN_n9FTABlwDsB1ncWUBMQ	12	0.843088363456	0.184683351465
475	166	YdJ9oDUipgk	8.66912	UCFN_n9FTABlwDsB1ncWUBMQ	12	0.83143061438	0.184683351465
476	167	YdJ9oDUipgk	88.8668	UCFN_n9FTABlwDsB1ncWUBMQ	12	1.0	0.184683351465
477	168	YdJ9oDUipgk	8.70259	UCFN_n9FTABlwDsB1ncWUBMQ	12	0.773227541978	0.184683351465
460	145	cWa3a8DbJ0A	165.472	UCFN_n9FTABlwDsB1ncWUBMQ	12	0.72341963268	0.184683351465
471	156	k0ndRUXNyDM	50.9825	UCFN_n9FTABlwDsB1ncWUBMQ	12	0.870777301915	0.184683351465
478	516	-8w7uwhi9uw	128.929	UCFOEjz0jo07W8bpEHomEgHg	40	0.872845531181	0.0959580615645
479	517	-8w7uwhi9uw	70.5371	UCFOEjz0jo07W8bpEHomEgHg	40	0.951751390231	0.0959580615645
480	509	-GEdGdVnvH8	359.492	UCFOEjz0jo07W8bpEHomEgHg	40	1.0	0.0959580615645
481	510	-GEdGdVnvH8	88.5885	UCFOEjz0jo07W8bpEHomEgHg	40	0.839450265557	0.0959580615645
482	526	5002Ic7nSe0	168.168	UCFOEjz0jo07W8bpEHomEgHg	40	1.0	0.0959580615645
487	514	667uThulND8	9.7097	UCFOEjz0jo07W8bpEHomEgHg	40	0.884347405526	0.0959580615645
488	515	667uThulND8	199.566	UCFOEjz0jo07W8bpEHomEgHg	40	1.0	0.0959580615645
496	532	B2BcUxh5SyU	23.5235	UCFOEjz0jo07W8bpEHomEgHg	40	0.773192953949	0.0959580615645
497	533	B2BcUxh5SyU	251.585	UCFOEjz0jo07W8bpEHomEgHg	40	1.0	0.0959580615645
500	538	KVGQQNQ97Qc	235.102	UCFOEjz0jo07W8bpEHomEgHg	40	1.0	0.0959580615645
502	546	NnUXSbPq6DU	360.227	UCFOEjz0jo07W8bpEHomEgHg	40	1.0	0.0959580615645
505	548	RJLpPDJDs4Q	9.54287	UCFOEjz0jo07W8bpEHomEgHg	40	0.866434620052	0.0959580615645
506	549	RJLpPDJDs4Q	37.2038	UCFOEjz0jo07W8bpEHomEgHg	40	0.898423448534	0.0959580615645
507	550	RJLpPDJDs4Q	247.581	UCFOEjz0jo07W8bpEHomEgHg	40	1.0	0.0959580615645
509	535	RyMZcq2PNPk	3.83717	UCFOEjz0jo07W8bpEHomEgHg	40	0.880377733477	0.0959580615645
511	537	RyMZcq2PNPk	55.7557	UCFOEjz0jo07W8bpEHomEgHg	40	0.886689384381	0.0959580615645
514	551	W2MJHkK7lcQ	93.5935	UCFOEjz0jo07W8bpEHomEgHg	40	0.785212439372	0.0959580615645
516	553	W2MJHkK7lcQ	47.1471	UCFOEjz0jo07W8bpEHomEgHg	40	0.891880330226	0.0959580615645
517	554	W2MJHkK7lcQ	165.365	UCFOEjz0jo07W8bpEHomEgHg	40	1.0	0.0959580615645
518	541	XY9IZKTs3vw	248.749	UCFOEjz0jo07W8bpEHomEgHg	40	0.905266068962	0.0959580615645
489	520	aEI-szvexhU	341.975	UCFOEjz0jo07W8bpEHomEgHg	40	1.0	0.0959580615645
494	525	aEI-szvexhU	6.53987	UCFOEjz0jo07W8bpEHomEgHg	44	0.761397843138	0.110524339304
498	518	earXfvWlHeE	288.121	UCFOEjz0jo07W8bpEHomEgHg	40	0.884136922841	0.0959580615645
504	528	pW8yVWV51uU	278.478	UCFOEjz0jo07W8bpEHomEgHg	40	1.0	0.0959580615645
512	529	vmdVQZmsH3w	324.524	UCFOEjz0jo07W8bpEHomEgHg	40	0.774509307065	0.0959580615645
582	363	2A05w8rYSVE	413.713	UCGzDZn8uoXFz0-HyipnaWnw	16	0.932087405098	0.241095964057
584	360	BupEyfVxLRA	270.57	UCGzDZn8uoXFz0-HyipnaWnw	16	1.0	0.241095964057
585	339	D1g0501pm3o	105.872	UCGzDZn8uoXFz0-HyipnaWnw	16	0.874341068927	0.241095964057
588	361	ER2Idvi2Xc4	220.487	UCGzDZn8uoXFz0-HyipnaWnw	16	1.0	0.241095964057
587	364	Ec_yt6qVMQI	345.845	UCGzDZn8uoXFz0-HyipnaWnw	16	0.987384960783	0.241095964057
594	353	RdbOMula7mM	24.5912	UCGzDZn8uoXFz0-HyipnaWnw	16	0.950105068325	0.241095964057
598	366	UsCVUOaZvYs	226.693	UCGzDZn8uoXFz0-HyipnaWnw	16	1.0	0.241095964057
583	338	aKKxmZNB9JU	82.2488	UCGzDZn8uoXFz0-HyipnaWnw	16	1.0	0.241095964057
591	344	knr4rxblV_8	37.7377	UCGzDZn8uoXFz0-HyipnaWnw	16	0.907009927535	0.241095964057
592	376	lUC84KypwD8	635.301	UCGzDZn8uoXFz0-HyipnaWnw	16	1.0	0.241095964057
596	373	svwRUYj2F8w	198.498	UCGzDZn8uoXFz0-HyipnaWnw	16	1.0	0.241095964057
605	769	6_Je_UImW1o	29.7631	UCIVFEaKHBomhznMRX2aiQEQ	13	0.852815352768	0.0805831333288
606	770	6_Je_UImW1o	31.7651	UCIVFEaKHBomhznMRX2aiQEQ	13	0.932683516809	0.0805831333288
607	732	CG2rsv2Hgos	21.7899	UCIVFEaKHBomhznMRX2aiQEQ	13	0.909505166771	0.0805831333288
609	734	CG2rsv2Hgos	79.6015	UCIVFEaKHBomhznMRX2aiQEQ	38	0.897060782054	0.0956892111736
614	740	HT-cvmZXj5g	29.7964	UCIVFEaKHBomhznMRX2aiQEQ	38	0.84230985202	0.0956892111736
615	741	HT-cvmZXj5g	110.177	UCIVFEaKHBomhznMRX2aiQEQ	13	0.973045216418	0.0805831333288
617	798	IwJYen9pIa4	358.42	UCIVFEaKHBomhznMRX2aiQEQ	13	1.0	0.0805831333288
618	799	IwJYen9pIa4	354.479	UCIVFEaKHBomhznMRX2aiQEQ	38	1.0	0.0956892111736
611	763	dvUrPh9RAHw	375.831	UCIVFEaKHBomhznMRX2aiQEQ	13	1.0	0.0805831333288
619	745	kByHayr2tpU	115.357	UCIVFEaKHBomhznMRX2aiQEQ	13	0.805485098342	0.0805831333288
620	746	kByHayr2tpU	33.5737	UCIVFEaKHBomhznMRX2aiQEQ	38	1.0	0.0956892111736
621	821	oJ0zV-ij18s	17.6907	UCIVFEaKHBomhznMRX2aiQEQ	38	0.787315483884	0.0956892111736
623	823	oJ0zV-ij18s	241.598	UCIVFEaKHBomhznMRX2aiQEQ	13	1.0	0.0805831333288
625	825	oJ0zV-ij18s	96.9769	UCIVFEaKHBomhznMRX2aiQEQ	38	0.91155033911	0.0956892111736
626	820	oPLGxzw7xu4	28.8288	UCIVFEaKHBomhznMRX2aiQEQ	13	0.851767936859	0.0805831333288
627	816	rVmhC8dyjng	301.257	UCIVFEaKHBomhznMRX2aiQEQ	38	0.931737886385	0.0956892111736
628	817	rVmhC8dyjng	291.166	UCIVFEaKHBomhznMRX2aiQEQ	13	0.936478968297	0.0805831333288
630	759	tOrqSUBdKCo	81.5417	UCIVFEaKHBomhznMRX2aiQEQ	13	0.853914321933	0.0805831333288
632	814	uYuwBkWPCRQ	682.085	UCIVFEaKHBomhznMRX2aiQEQ	38	0.737599187145	0.0956892111736
633	815	uYuwBkWPCRQ	659.932	UCIVFEaKHBomhznMRX2aiQEQ	13	0.801378079304	0.0805831333288
787	287	98f54-WaGi0	836.135	UCW-NL7CT8lQcJz843AAwtZQ	36	0.932345307408	0.164507769799
789	268	H_JRrIpB_pA	278.879	UCW-NL7CT8lQcJz843AAwtZQ	36	0.869669242985	0.164507769799
791	279	JJjMymOQZWI	361.494	UCW-NL7CT8lQcJz843AAwtZQ	36	0.920964164707	0.164507769799
799	294	W6UnPNOW4zs	75.9092	UCW-NL7CT8lQcJz843AAwtZQ	3	0.841263231868	0.12986711304
800	296	W6UnPNOW4zs	407.908	UCW-NL7CT8lQcJz843AAwtZQ	36	1.0	0.164507769799
803	308	Z9xT4Lw4YvQ	399.032	UCW-NL7CT8lQcJz843AAwtZQ	36	1.0	0.164507769799
804	309	Z9xT4Lw4YvQ	71.8051	UCW-NL7CT8lQcJz843AAwtZQ	33	0.710601891009	0.102710819477
783	293	_80emZkgKpI	278.845	UCW-NL7CT8lQcJz843AAwtZQ	1	1.0	0.137773862546
784	295	_80emZkgKpI	283.183	UCW-NL7CT8lQcJz843AAwtZQ	36	1.0	0.164507769799
785	298	_80emZkgKpI	228.495	UCW-NL7CT8lQcJz843AAwtZQ	33	0.97459336892	0.102710819477
793	301	nYAD1hA9EWk	400.7	UCW-NL7CT8lQcJz843AAwtZQ	1	1.0	0.137773862546
794	302	nYAD1hA9EWk	397.631	UCW-NL7CT8lQcJz843AAwtZQ	36	0.967109654548	0.164507769799
795	303	nYAD1hA9EWk	61.2278	UCW-NL7CT8lQcJz843AAwtZQ	3	1.0	0.12986711304
797	284	rDUSnEokd5s	467.2	UCW-NL7CT8lQcJz843AAwtZQ	36	0.893288772114	0.164507769799
211	691	1q2xNJlSNyk	100.334	UCbxeWUKWro8bMscsa36-BtA	30	1.0	0.11738765256
212	692	1q2xNJlSNyk	16.7834	UCbxeWUKWro8bMscsa36-BtA	30	0.985241970997	0.11738765256
215	700	2GeIU_QybFg	177.511	UCbxeWUKWro8bMscsa36-BtA	30	0.981346788453	0.11738765256
217	693	2xoxCVOZwas	466.666	UCbxeWUKWro8bMscsa36-BtA	30	1.0	0.11738765256
218	686	4Qz9G0Ny7tU	16.7834	UCbxeWUKWro8bMscsa36-BtA	30	0.846409848799	0.11738765256
223	694	8L9LD22budg	140.374	UCbxeWUKWro8bMscsa36-BtA	30	1.0	0.11738765256
225	697	8ZVzpzTIUjs	235.769	UCbxeWUKWro8bMscsa36-BtA	30	0.960289461727	0.11738765256
230	716	B18Yur2bvkI	147.714	UCbxeWUKWro8bMscsa36-BtA	30	1.0	0.11738765256
232	718	C8tlm_j_Xbg	326.56	UCbxeWUKWro8bMscsa36-BtA	30	1.0	0.11738765256
234	724	F5JbvB2qd_I	305.805	UCbxeWUKWro8bMscsa36-BtA	30	1.0	0.11738765256
237	713	H4zeaoDEzgU	186.987	UCbxeWUKWro8bMscsa36-BtA	30	0.997049951321	0.11738765256
241	722	HbvPR2ipKwU	186.019	UCbxeWUKWro8bMscsa36-BtA	30	0.932649177834	0.11738765256
242	727	J4jirMoR7X4	193.193	UCbxeWUKWro8bMscsa36-BtA	30	1.0	0.11738765256
246	761	LIqDkHoshBk	103.937	UCbxeWUKWro8bMscsa36-BtA	30	0.946094978691	0.11738765256
247	762	LIqDkHoshBk	104.571	UCbxeWUKWro8bMscsa36-BtA	4	1.0	0.0879482810101
244	723	Lha914AL56E	37.3373	UCbxeWUKWro8bMscsa36-BtA	30	1.0	0.11738765256
249	729	OUE8nkHEwlo	121.255	UCbxeWUKWro8bMscsa36-BtA	30	0.946094978691	0.11738765256
268	738	WNA04ZgltEo	337.571	UCbxeWUKWro8bMscsa36-BtA	30	0.965186159084	0.11738765256
272	775	WrqsfV9Hiwk	5.7057	UCbxeWUKWro8bMscsa36-BtA	4	1.0	0.0879482810101
276	779	WrqsfV9Hiwk	122.322	UCbxeWUKWro8bMscsa36-BtA	30	1.0	0.11738765256
279	782	WrqsfV9Hiwk	1.13447	UCbxeWUKWro8bMscsa36-BtA	12	0.551668741503	0.184683351465
298	806	XKOwncyuNu0	43.4768	UCbxeWUKWro8bMscsa36-BtA	30	1.0	0.11738765256
299	757	XyAPKdvKWhY	103.904	UCbxeWUKWro8bMscsa36-BtA	30	0.972052723501	0.11738765256
236	696	fSRJJb3LgUs	122.089	UCbxeWUKWro8bMscsa36-BtA	30	0.904359328206	0.11738765256
248	731	nNSHkRgWE_M	279.579	UCbxeWUKWro8bMscsa36-BtA	30	1.0	0.11738765256
252	737	qCD3CA1jIBw	315.982	UCbxeWUKWro8bMscsa36-BtA	30	1.0	0.11738765256
253	747	riPptnaMRe8	209.643	UCbxeWUKWro8bMscsa36-BtA	30	1.0	0.11738765256
259	753	tFvm_aEzEe0	148.081	UCbxeWUKWro8bMscsa36-BtA	30	1.0	0.11738765256
263	826	uADTIg1FIxM	371.171	UCbxeWUKWro8bMscsa36-BtA	4	1.0	0.0879482810101
264	827	uADTIg1FIxM	327.561	UCbxeWUKWro8bMscsa36-BtA	23	0.75333578975	0.0907003765924
267	830	uADTIg1FIxM	276.143	UCbxeWUKWro8bMscsa36-BtA	30	0.889332870392	0.11738765256
311	563	6GuCgWGkYQg	13.2215	UCdMdGdabsaWIzSbmE1phGBQ	19	0.785622965465	0.0869245704846
312	564	6GuCgWGkYQg	13.0547	UCdMdGdabsaWIzSbmE1phGBQ	19	0.982957976015	0.0869245704846
326	636	BfYMebQS5lU	514.948	UCdMdGdabsaWIzSbmE1phGBQ	19	1.0	0.0869245704846
343	578	I9tdzISTXmA	1.66833	UCdMdGdabsaWIzSbmE1phGBQ	10	0.697930193318	0.117518570824
344	579	I9tdzISTXmA	1.3013	UCdMdGdabsaWIzSbmE1phGBQ	10	0.716337005144	0.117518570824
358	632	KXeM4aWWLDU	92.8928	UCdMdGdabsaWIzSbmE1phGBQ	23	1.0	0.0907003765924
359	633	KXeM4aWWLDU	63.3299	UCdMdGdabsaWIzSbmE1phGBQ	19	0.808776564168	0.0869245704846
372	602	N3jg9JsMPRU	20.5205	UCdMdGdabsaWIzSbmE1phGBQ	19	0.893046918843	0.0869245704846
373	587	NKHJg-P4m2A	9.17583	UCdMdGdabsaWIzSbmE1phGBQ	18	0.656462951274	0.298252675486
380	618	PcRkWLoM7Io	14.3477	UCdMdGdabsaWIzSbmE1phGBQ	23	0.909858207406	0.0907003765924
381	619	PcRkWLoM7Io	13.9139	UCdMdGdabsaWIzSbmE1phGBQ	19	0.747046926881	0.0869245704846
383	621	PcRkWLoM7Io	25.5255	UCdMdGdabsaWIzSbmE1phGBQ	19	1.0	0.0869245704846
401	648	R8v-jXyGKV8	116.617	UCdMdGdabsaWIzSbmE1phGBQ	19	0.909781707748	0.0869245704846
402	649	R8v-jXyGKV8	57.0236	UCdMdGdabsaWIzSbmE1phGBQ	23	1.0	0.0907003765924
389	667	R_KvD57QELw	122.255	UCdMdGdabsaWIzSbmE1phGBQ	23	0.759564224298	0.0907003765924
391	669	R_KvD57QELw	126.627	UCdMdGdabsaWIzSbmE1phGBQ	19	0.94178486073	0.0869245704846
319	610	bcnFRtlINPk	67.0336	UCdMdGdabsaWIzSbmE1phGBQ	19	0.800426220087	0.0869245704846
376	645	o9NtLP901U0	504.437	UCdMdGdabsaWIzSbmE1phGBQ	19	0.752358824001	0.0869245704846
387	642	pzP3K6pGsTc	270.036	UCdMdGdabsaWIzSbmE1phGBQ	23	1.0	0.0907003765924
388	643	pzP3K6pGsTc	157.09	UCdMdGdabsaWIzSbmE1phGBQ	19	0.851283062212	0.0869245704846
407	657	rGS4yUZb0fE	286.186	UCdMdGdabsaWIzSbmE1phGBQ	23	1.0	0.0907003765924
420	678	vitAlSupvjo	104.271	UCdMdGdabsaWIzSbmE1phGBQ	19	0.887323929282	0.0869245704846
422	680	xPDP7k5uWXM	339.506	UCdMdGdabsaWIzSbmE1phGBQ	19	1.0	0.0869245704846
433	707	z8QcVpTDEcU	139.139	UCdMdGdabsaWIzSbmE1phGBQ	23	1.0	0.0907003765924
519	148	2cUYtO6LSEc	45.6456	UCfYZRHQWV-evwn5kzQsK2Gg	18	1.0	0.298252675486
520	179	4M_zgvhibug	567.567	UCfYZRHQWV-evwn5kzQsK2Gg	18	0.829530563703	0.298252675486
521	149	71A6NP58V44	74.6079	UCfYZRHQWV-evwn5kzQsK2Gg	18	1.0	0.298252675486
522	154	9n-FF9L9xtg	50.6172	UCfYZRHQWV-evwn5kzQsK2Gg	18	1.0	0.298252675486
524	157	CewT_DtQuXQ	51.1511	UCfYZRHQWV-evwn5kzQsK2Gg	18	1.0	0.298252675486
532	174	DFxgP-_tcEw	26.4931	UCfYZRHQWV-evwn5kzQsK2Gg	18	0.585596162958	0.298252675486
533	175	DFxgP-_tcEw	13.7471	UCfYZRHQWV-evwn5kzQsK2Gg	18	0.524488142906	0.298252675486
534	176	DsfD0xgNwc8	90.0233	UCfYZRHQWV-evwn5kzQsK2Gg	18	0.804322636402	0.298252675486
537	177	GYsgLFZgd94	78.2448	UCfYZRHQWV-evwn5kzQsK2Gg	18	0.615151874379	0.298252675486
538	178	GYsgLFZgd94	62.3623	UCfYZRHQWV-evwn5kzQsK2Gg	30	0.764347937002	0.11738765256
547	189	OZcotJaPDSw	8.04137	UCfYZRHQWV-evwn5kzQsK2Gg	40	1.0	0.0959580615645
548	190	OZcotJaPDSw	8.04137	UCfYZRHQWV-evwn5kzQsK2Gg	6	1.0	0.205649857536
549	191	OZcotJaPDSw	8.04137	UCfYZRHQWV-evwn5kzQsK2Gg	46	1.0	0.314105252274
552	194	OZcotJaPDSw	9.64297	UCfYZRHQWV-evwn5kzQsK2Gg	18	0.545847277788	0.298252675486
553	195	OZcotJaPDSw	56.1561	UCfYZRHQWV-evwn5kzQsK2Gg	18	0.971775119374	0.298252675486
545	201	Oj9OKfncYZk	179.246	UCfYZRHQWV-evwn5kzQsK2Gg	18	0.954794254356	0.298252675486
556	186	PbGNuVm_GMA	63.8304	UCfYZRHQWV-evwn5kzQsK2Gg	18	0.867739635116	0.298252675486
580	199	UupXYmByQTE	67.2005	UCfYZRHQWV-evwn5kzQsK2Gg	18	0.746129941039	0.298252675486
536	185	ehgjVVtGe0c	68.9689	UCfYZRHQWV-evwn5kzQsK2Gg	18	1.0	0.298252675486
540	183	k4pEkTHbQW0	62.3957	UCfYZRHQWV-evwn5kzQsK2Gg	18	0.876113109696	0.298252675486
541	180	l0GOey0l-Is	52.5525	UCfYZRHQWV-evwn5kzQsK2Gg	18	1.0	0.298252675486
543	187	mdMjMwVx64U	9.9099	UCfYZRHQWV-evwn5kzQsK2Gg	18	0.545847277788	0.298252675486
544	188	mdMjMwVx64U	124.124	UCfYZRHQWV-evwn5kzQsK2Gg	18	0.879901569243	0.298252675486
559	229	rFWF8_1vjQA	697.196	UCfYZRHQWV-evwn5kzQsK2Gg	18	0.818739535826	0.298252675486
560	230	rFWF8_1vjQA	58.8254	UCfYZRHQWV-evwn5kzQsK2Gg	27	0.824219011082	0.105893576321
564	234	rFWF8_1vjQA	15.382	UCfYZRHQWV-evwn5kzQsK2Gg	10	0.704571857766	0.117518570824
565	235	rFWF8_1vjQA	15.382	UCfYZRHQWV-evwn5kzQsK2Gg	15	0.777782507176	0.10998329084
578	248	rFWF8_1vjQA	30.6973	UCfYZRHQWV-evwn5kzQsK2Gg	40	0.928560635726	0.0959580615645
581	200	y3lgrCiWIxI	66.066	UCfYZRHQWV-evwn5kzQsK2Gg	18	1.0	0.298252675486
634	83	8YQ7-H6jtk4	3.4034	UCjTVNkbx5megxlnl1spy2jg	43	0.852009528459	0.129546492349
642	98	8YQ7-H6jtk4	623.223	UCjTVNkbx5megxlnl1spy2jg	24	0.9311329038	0.0753823277989
647	39310	F040CJjjhXA	101.435	UCjTVNkbx5megxlnl1spy2jg	24	0.785435953354	0.0753823277989
648	39311	F040CJjjhXA	72.8394	UCjTVNkbx5megxlnl1spy2jg	24	0.896649240938	0.0753823277989
660	109	QwkzJSrVaXA	209.676	UCjTVNkbx5megxlnl1spy2jg	24	0.885596386268	0.0753823277989
677	111	W-q-KQZUcYk	334.334	UCjTVNkbx5megxlnl1spy2jg	24	0.933337217628	0.0753823277989
682	62	Z0FujJwvLQI	21.5549	UCjTVNkbx5megxlnl1spy2jg	37	0.961653041886	0.156395200729
651	68	j1hXMq_hOL8	553.887	UCjTVNkbx5megxlnl1spy2jg	24	0.931762728936	0.0753823277989
654	52	jIan9sdwD2Q	522.165	UCjTVNkbx5megxlnl1spy2jg	24	0.824420812215	0.0753823277989
658	106	qPyjSxy_gzw	405.739	UCjTVNkbx5megxlnl1spy2jg	24	0.871225086283	0.0753823277989
670	87	u_VC0qVd6Kc	3.47013	UCjTVNkbx5megxlnl1spy2jg	24	0.891696061996	0.0753823277989
671	90	u_VC0qVd6Kc	6.13947	UCjTVNkbx5megxlnl1spy2jg	24	1.0	0.0753823277989
672	93	u_VC0qVd6Kc	9.04237	UCjTVNkbx5megxlnl1spy2jg	24	0.943338755516	0.0753823277989
673	95	u_VC0qVd6Kc	6.53987	UCjTVNkbx5megxlnl1spy2jg	24	1.0	0.0753823277989
674	96	u_VC0qVd6Kc	3.77043	UCjTVNkbx5megxlnl1spy2jg	24	0.821176009793	0.0753823277989
675	97	u_VC0qVd6Kc	4.97163	UCjTVNkbx5megxlnl1spy2jg	24	0.901030265753	0.0753823277989
693	443	-4UFB0CBrFI	21.889	UCl0mpynmsGpbrJn98xlZGWQ	23	0.753645270826	0.0907003765924
694	444	-4UFB0CBrFI	201.607	UCl0mpynmsGpbrJn98xlZGWQ	20	0.84008076179	0.090852272699
695	445	-4UFB0CBrFI	206.733	UCl0mpynmsGpbrJn98xlZGWQ	15	0.885976623598	0.10998329084
699	458	-Lrv7jtAcOc	508.042	UCl0mpynmsGpbrJn98xlZGWQ	15	1.0	0.10998329084
700	459	-Lrv7jtAcOc	453.941	UCl0mpynmsGpbrJn98xlZGWQ	20	0.9712682712	0.090852272699
696	431	-kzcWbC55XY	334.453	UCl0mpynmsGpbrJn98xlZGWQ	20	0.949533530222	0.090852272699
697	432	-kzcWbC55XY	269.994	UCl0mpynmsGpbrJn98xlZGWQ	15	0.948425362209	0.10998329084
701	449	5fD7POSsiWY	152.757	UCl0mpynmsGpbrJn98xlZGWQ	15	1.0	0.10998329084
702	450	5fD7POSsiWY	161.276	UCl0mpynmsGpbrJn98xlZGWQ	20	0.923839664304	0.090852272699
724	483	Qz1iBRpoa2I	372.84	UCl0mpynmsGpbrJn98xlZGWQ	20	1.0	0.090852272699
725	485	Qz1iBRpoa2I	318.706	UCl0mpynmsGpbrJn98xlZGWQ	15	1.0	0.10998329084
730	475	ReyZZ8r1B-w	355.665	UCl0mpynmsGpbrJn98xlZGWQ	20	0.946277541433	0.090852272699
731	476	ReyZZ8r1B-w	440.59	UCl0mpynmsGpbrJn98xlZGWQ	15	1.0	0.10998329084
703	429	bE6tZ72_ZM0	202.828	UCl0mpynmsGpbrJn98xlZGWQ	15	1.0	0.10998329084
704	430	bE6tZ72_ZM0	117.139	UCl0mpynmsGpbrJn98xlZGWQ	20	0.813519540257	0.090852272699
705	464	bY6X_MqItZQ	42.6021	UCl0mpynmsGpbrJn98xlZGWQ	20	0.727208346613	0.090852272699
707	427	d-Z5Ters7IQ	71.1047	UCl0mpynmsGpbrJn98xlZGWQ	15	0.995944760702	0.10998329084
708	428	d-Z5Ters7IQ	92.2317	UCl0mpynmsGpbrJn98xlZGWQ	20	0.80002423369	0.090852272699
711	423	dSYQ9BWl8JM	42.0138	UCl0mpynmsGpbrJn98xlZGWQ	15	0.935711025383	0.10998329084
712	424	dSYQ9BWl8JM	18.3918	UCl0mpynmsGpbrJn98xlZGWQ	20	0.842698637111	0.090852272699
713	425	dSYQ9BWl8JM	18.2879	UCl0mpynmsGpbrJn98xlZGWQ	20	0.760195049392	0.090852272699
714	460	f3pGe-3s_jE	266.392	UCl0mpynmsGpbrJn98xlZGWQ	20	0.875798465111	0.090852272699
715	461	f3pGe-3s_jE	122.892	UCl0mpynmsGpbrJn98xlZGWQ	20	0.796017448249	0.090852272699
716	462	f3pGe-3s_jE	313.81	UCl0mpynmsGpbrJn98xlZGWQ	15	1.0	0.10998329084
718	489	lu6riC9qqIk	608.853	UCl0mpynmsGpbrJn98xlZGWQ	20	0.932505837327	0.090852272699
719	490	lu6riC9qqIk	551.67	UCl0mpynmsGpbrJn98xlZGWQ	15	0.976790848997	0.10998329084
720	467	ppRySHDBCBM	212.031	UCl0mpynmsGpbrJn98xlZGWQ	20	0.968861172089	0.090852272699
721	468	ppRySHDBCBM	187.51	UCl0mpynmsGpbrJn98xlZGWQ	15	1.0	0.10998329084
727	453	r_fWq3aymvQ	157.56	UCl0mpynmsGpbrJn98xlZGWQ	15	0.988958739367	0.10998329084
728	454	r_fWq3aymvQ	136.986	UCl0mpynmsGpbrJn98xlZGWQ	20	0.970622355604	0.090852272699
732	419	rlhHsABogKA	23.4108	UCl0mpynmsGpbrJn98xlZGWQ	15	0.890201196974	0.10998329084
733	420	rlhHsABogKA	14.8569	UCl0mpynmsGpbrJn98xlZGWQ	20	0.76281312013	0.090852272699
734	491	v8VAKxFW1mQ	449.449	UCl0mpynmsGpbrJn98xlZGWQ	20	0.923839664304	0.090852272699
735	492	v8VAKxFW1mQ	458.258	UCl0mpynmsGpbrJn98xlZGWQ	15	1.0	0.10998329084
737	471	x9KYLLEIIbo	168.909	UCl0mpynmsGpbrJn98xlZGWQ	15	0.992652847834	0.10998329084
738	472	x9KYLLEIIbo	172.65	UCl0mpynmsGpbrJn98xlZGWQ	20	1.0	0.090852272699
740	447	xrPT4Z4kps8	23.687	UCl0mpynmsGpbrJn98xlZGWQ	20	0.750551030636	0.090852272699
741	448	xrPT4Z4kps8	6.47582	UCl0mpynmsGpbrJn98xlZGWQ	20	0.867400684955	0.090852272699
742	37	-YCJOI3u1Gk	194.895	UCnfUCP_4nSws4KUI4Nkdaig	28	0.906283740102	0.18386259659
745	73	aHCsK3av2qc	99.466	UCnfUCP_4nSws4KUI4Nkdaig	28	1.0	0.18386259659
749	77	aHCsK3av2qc	23.9239	UCnfUCP_4nSws4KUI4Nkdaig	13	0.76266708454	0.0805831333288
752	38	eeMdxxtOpAg	302.802	UCnfUCP_4nSws4KUI4Nkdaig	28	0.929978918257	0.18386259659
753	39	me7wa2u0PhY	214.915	UCnfUCP_4nSws4KUI4Nkdaig	28	1.0	0.18386259659
754	40	me7wa2u0PhY	20.654	UCnfUCP_4nSws4KUI4Nkdaig	43	0.743052123281	0.129546492349
755	44	rCAhE2kC5_o	279.846	UCnfUCP_4nSws4KUI4Nkdaig	43	1.0	0.129546492349
756	46	rCAhE2kC5_o	177.544	UCnfUCP_4nSws4KUI4Nkdaig	28	1.0	0.18386259659
757	47	yuRDsGzm-Sc	397.697	UCnfUCP_4nSws4KUI4Nkdaig	43	1.0	0.129546492349
758	48	yuRDsGzm-Sc	209.843	UCnfUCP_4nSws4KUI4Nkdaig	28	0.979401435905	0.18386259659
760	209	CPytGM36EmE	1.5015	UCnsZ4GPxvLUmadQuxwXxaHw	14	0.626028125838	0.189024338179
764	213	CPytGM36EmE	37.6376	UCnsZ4GPxvLUmadQuxwXxaHw	14	0.869656433226	0.189024338179
765	219	DgE1G4pFxT8	347.047	UCnsZ4GPxvLUmadQuxwXxaHw	14	0.945676760922	0.189024338179
766	206	EIgDQvYrERY	272.806	UCnsZ4GPxvLUmadQuxwXxaHw	14	1.0	0.189024338179
768	222	FVdQhPaTqyk	212.045	UCnsZ4GPxvLUmadQuxwXxaHw	14	1.0	0.189024338179
769	223	FVdQhPaTqyk	19.1191	UCnsZ4GPxvLUmadQuxwXxaHw	14	0.638487632441	0.189024338179
771	250	KzPYdiCBHSY	264.998	UCnsZ4GPxvLUmadQuxwXxaHw	14	0.864964105533	0.189024338179
782	249	ZLf5jT2ovcs	220.053	UCnsZ4GPxvLUmadQuxwXxaHw	14	0.875227432945	0.189024338179
780	217	Z_I8Y8p7AyM	80.2135	UCnsZ4GPxvLUmadQuxwXxaHw	14	0.775386137295	0.189024338179
770	224	kSvbp148sbs	450.817	UCnsZ4GPxvLUmadQuxwXxaHw	14	0.861029767175	0.189024338179
776	226	pJGIrlts0h8	249.816	UCnsZ4GPxvLUmadQuxwXxaHw	14	1.0	0.189024338179
806	315	9jr2R5B2vJE	151.852	UCxK8FgwjHujWeRj4aJOErgw	22	0.638942000154	0.235869728237
809	323	HvpOXTGDRSY	517.083	UCxK8FgwjHujWeRj4aJOErgw	22	0.782407239746	0.235869728237
816	330	LJFtKEtDoq0	446.546	UCxK8FgwjHujWeRj4aJOErgw	22	0.922833168628	0.235869728237
818	347	LPSmi0Eu0cs	597.764	UCxK8FgwjHujWeRj4aJOErgw	22	0.882279857154	0.235869728237
829	334	Tx7wjVPbyb8	0.6006	UCxK8FgwjHujWeRj4aJOErgw	46	0.674001851926	0.314105252274
830	335	Tx7wjVPbyb8	120.387	UCxK8FgwjHujWeRj4aJOErgw	22	1.0	0.235869728237
808	317	eJWSSaLkYa4	167.567	UCxK8FgwjHujWeRj4aJOErgw	22	0.877484561222	0.235869728237
810	312	jRm_Mxi92to	37.7711	UCxK8FgwjHujWeRj4aJOErgw	22	0.782209336014	0.235869728237
812	336	jw2GIOb6UPc	490.19	UCxK8FgwjHujWeRj4aJOErgw	22	1.0	0.235869728237
814	332	kltjzqFDQw8	560.093	UCxK8FgwjHujWeRj4aJOErgw	22	0.936186566653	0.235869728237
821	350	p_0tEafIC4U	21.8552	UCxK8FgwjHujWeRj4aJOErgw	22	0.57384631015	0.235869728237
822	351	p_0tEafIC4U	504.304	UCxK8FgwjHujWeRj4aJOErgw	22	0.880757980017	0.235869728237
823	352	p_0tEafIC4U	13.7137	UCxK8FgwjHujWeRj4aJOErgw	22	0.616672870125	0.235869728237
824	326	qH3f75vmJnw	116.583	UCxK8FgwjHujWeRj4aJOErgw	22	0.696693786526	0.235869728237
826	342	r-WdSBpB384	68.7687	UCxK8FgwjHujWeRj4aJOErgw	22	0.809835820959	0.235869728237
827	358	s8Tp1fRbGv0	597.197	UCxK8FgwjHujWeRj4aJOErgw	22	0.985549034691	0.235869728237
833	369	ujuavyc4RN8	16.2162	UCxK8FgwjHujWeRj4aJOErgw	22	0.704405188795	0.235869728237
834	370	ujuavyc4RN8	10.5105	UCxK8FgwjHujWeRj4aJOErgw	22	0.673813268647	0.235869728237
835	371	ujuavyc4RN8	286.319	UCxK8FgwjHujWeRj4aJOErgw	22	0.996220462812	0.235869728237
836	372	ujuavyc4RN8	1.13447	UCxK8FgwjHujWeRj4aJOErgw	22	0.854531738801	0.235869728237
837	355	wlvgdDJNrbg	219.686	UCxK8FgwjHujWeRj4aJOErgw	22	0.909944538464	0.235869728237
840	345	yJoZkDU7S5c	76.6432	UCxK8FgwjHujWeRj4aJOErgw	22	0.948340018287	0.235869728237
841	346	yJoZkDU7S5c	8.67533	UCxK8FgwjHujWeRj4aJOErgw	22	0.651497211496	0.235869728237
842	379	64AiD8g3EuM	173.373	UCxW6kswHdM0gcRMopggPIvQ	17	0.931902740017	0.0501463516643
845	389	A-8LzPyBP-g	123.457	UCxW6kswHdM0gcRMopggPIvQ	17	0.942507392333	0.0501463516643
847	383	BKEjp06wIbk	146.246	UCxW6kswHdM0gcRMopggPIvQ	17	1.0	0.0501463516643
853	393	PhchsyTzUZs	109.676	UCxW6kswHdM0gcRMopggPIvQ	17	0.987606404586	0.0501463516643
859	402	W3NhtfktX08	150.917	UCxW6kswHdM0gcRMopggPIvQ	17	1.0	0.0501463516643
849	392	d216F8ZaikQ	276.71	UCxW6kswHdM0gcRMopggPIvQ	17	0.946120250077	0.0501463516643
850	390	eTy_4V_to24	67.434	UCxW6kswHdM0gcRMopggPIvQ	17	0.97453592881	0.0501463516643
851	381	m3GkYIwdrIk	103.804	UCxW6kswHdM0gcRMopggPIvQ	17	0.963356073091	0.0501463516643
854	411	sMdA3cyoWlk	120.62	UCxW6kswHdM0gcRMopggPIvQ	17	0.974797606562	0.0501463516643
855	412	sMdA3cyoWlk	109.776	UCxW6kswHdM0gcRMopggPIvQ	12	0.551668741503	0.184683351465
856	413	sMdA3cyoWlk	90.3236	UCxW6kswHdM0gcRMopggPIvQ	14	0.775566614267	0.189024338179
861	858	0-EKAyGQAkU	334.835	UCz09qEPPNLdP7BG3baywE8w	21	0.843479238953	0.0943328783587
863	860	0-EKAyGQAkU	183.433	UCz09qEPPNLdP7BG3baywE8w	44	1.0	0.110524339304
864	874	6yevIMoxB2Y	10.9276	UCz09qEPPNLdP7BG3baywE8w	20	0.736977322791	0.090852272699
867	877	6yevIMoxB2Y	59.1007	UCz09qEPPNLdP7BG3baywE8w	21	0.881116596692	0.0943328783587
868	855	93n6AonDivk	2.5025	UCz09qEPPNLdP7BG3baywE8w	21	1.0	0.0943328783587
869	856	93n6AonDivk	26.4014	UCz09qEPPNLdP7BG3baywE8w	21	0.994984138122	0.0943328783587
870	857	93n6AonDivk	2.002	UCz09qEPPNLdP7BG3baywE8w	21	0.7926487677	0.0943328783587
876	866	FvMqJWxVxSw	262.471	UCz09qEPPNLdP7BG3baywE8w	21	0.982938238163	0.0943328783587
884	883	Li9GKLVS0so	454.287	UCz09qEPPNLdP7BG3baywE8w	21	0.92212989332	0.0943328783587
887	884	LjUNkkeQWu0	232.607	UCz09qEPPNLdP7BG3baywE8w	21	0.882228278562	0.0943328783587
888	885	LjUNkkeQWu0	91.0076	UCz09qEPPNLdP7BG3baywE8w	21	0.806993395575	0.0943328783587
889	872	LwZmsZ2Q1Nc	231.698	UCz09qEPPNLdP7BG3baywE8w	21	0.881266722169	0.0943328783587
891	880	QadW6q78gaU	237.938	UCz09qEPPNLdP7BG3baywE8w	21	0.929985063816	0.0943328783587
892	881	U2gTp_Tpn-A	443.276	UCz09qEPPNLdP7BG3baywE8w	21	0.87109909913	0.0943328783587
896	894	WOAgVf-pUeg	355.388	UCz09qEPPNLdP7BG3baywE8w	21	0.91129347329	0.0943328783587
903	891	ZtqfcL1FFPo	589.089	UCz09qEPPNLdP7BG3baywE8w	21	1.0	0.0943328783587
905	893	ZtqfcL1FFPo	53.0947	UCz09qEPPNLdP7BG3baywE8w	44	1.0	0.110524339304
860	852	_gjGXK2j1DI	300.884	UCz09qEPPNLdP7BG3baywE8w	21	0.886233468641	0.0943328783587
871	853	a4ipSBb9Ijk	60.3603	UCz09qEPPNLdP7BG3baywE8w	21	0.845622503116	0.0943328783587
873	863	c-Qag2F1cMU	245.787	UCz09qEPPNLdP7BG3baywE8w	21	0.913282125167	0.0943328783587
875	864	dpMkpZf0VHk	365.699	UCz09qEPPNLdP7BG3baywE8w	21	0.753131696659	0.0943328783587
878	861	g9rpw933se4	208.708	UCz09qEPPNLdP7BG3baywE8w	21	0.915252674972	0.0943328783587
879	862	g9rpw933se4	13.8138	UCz09qEPPNLdP7BG3baywE8w	21	0.744140071658	0.0943328783587
880	878	hpkDgjBSk60	393.059	UCz09qEPPNLdP7BG3baywE8w	21	0.795006502449	0.0943328783587
882	868	i3b7uhby5YI	323.256	UCz09qEPPNLdP7BG3baywE8w	21	0.860009932291	0.0943328783587
885	870	lIsX1CpLJ5M	191.024	UCz09qEPPNLdP7BG3baywE8w	21	0.874385141045	0.0943328783587
886	871	lIsX1CpLJ5M	36.9953	UCz09qEPPNLdP7BG3baywE8w	44	1.0	0.110524339304
894	886	vcJwSlpK2jY	161.595	UCz09qEPPNLdP7BG3baywE8w	21	0.874748086593	0.0943328783587
900	888	xoKrrOvP9q4	498.581	UCz09qEPPNLdP7BG3baywE8w	21	0.862126455481	0.0943328783587
901	889	ylujGWUJtDk	328.286	UCz09qEPPNLdP7BG3baywE8w	21	0.890572143641	0.0943328783587
