	id	videoID	duration	channel	label	proba	pers
0	555	E0oQt8mtYK4	407.274	UC1LG7YDL7OLD6VvdPAmyjiA	6	1.0	0.183163544511
1	556	E0oQt8mtYK4	393.36	UC1LG7YDL7OLD6VvdPAmyjiA	5	1.0	0.152005068213
5	558	TpwlVBgmrUc	370.871	UC1LG7YDL7OLD6VvdPAmyjiA	6	0.935918942155	0.183163544511
6	559	TpwlVBgmrUc	615.381	UC1LG7YDL7OLD6VvdPAmyjiA	5	1.0	0.152005068213
3	544	rAXYNd1CA9A	537.203	UC1LG7YDL7OLD6VvdPAmyjiA	5	1.0	0.152005068213
4	545	rAXYNd1CA9A	559.492	UC1LG7YDL7OLD6VvdPAmyjiA	6	1.0	0.183163544511
7	560	yTM8ps35-24	544.677	UC1LG7YDL7OLD6VvdPAmyjiA	5	0.993080418918	0.152005068213
8	561	yTM8ps35-24	598.531	UC1LG7YDL7OLD6VvdPAmyjiA	6	1.0	0.183163544511
41	414	5uGpMmE7jQY	318.668	UC2FfW6_YHXUSfsndM2R37cQ	10	1.0	0.133632693598
44	434	F76ntKET30k	446.153	UC2FfW6_YHXUSfsndM2R37cQ	36	0.724704063311	0.112005369102
45	435	F76ntKET30k	471.496	UC2FfW6_YHXUSfsndM2R37cQ	10	0.963941077583	0.133632693598
46	417	V60JXBzi_Vc	480.942	UC2FfW6_YHXUSfsndM2R37cQ	10	0.942515641486	0.133632693598
42	415	cv22idODm9Y	239.773	UC2FfW6_YHXUSfsndM2R37cQ	38	0.979240623854	0.163802672408
43	416	cv22idODm9Y	222.889	UC2FfW6_YHXUSfsndM2R37cQ	10	1.0	0.133632693598
9	103	-AJuqXp5YLQ	189.823	UC2bYhAHyaqfWlPXWBVk4BcA	39	0.935582624627	0.136893716532
11	80	-sOb5xtyfBI	261.294	UC2bYhAHyaqfWlPXWBVk4BcA	39	0.98570620501	0.136893716532
12	105	1Bz2BnK3Lio	87.2205	UC2bYhAHyaqfWlPXWBVk4BcA	39	1.0	0.136893716532
13	108	3wDlEQ6wcPs	196.697	UC2bYhAHyaqfWlPXWBVk4BcA	39	1.0	0.136893716532
15	121	9fTVHcXrdK0	127.995	UC2bYhAHyaqfWlPXWBVk4BcA	39	0.966050556262	0.136893716532
18	115	BiUF8qQrXMA	145.345	UC2bYhAHyaqfWlPXWBVk4BcA	39	0.995144946207	0.136893716532
19	114	CmM5nUMA_SA	167.968	UC2bYhAHyaqfWlPXWBVk4BcA	39	0.964602738281	0.136893716532
20	116	CqugMysYaIM	204.071	UC2bYhAHyaqfWlPXWBVk4BcA	39	0.800920465791	0.136893716532
28	125	EJh2HxD2YYg	121.021	UC2bYhAHyaqfWlPXWBVk4BcA	39	0.939109704375	0.136893716532
36	130	MrjF_C7lWKM	225.859	UC2bYhAHyaqfWlPXWBVk4BcA	39	0.897709056988	0.136893716532
17	113	aqIOxteRj6c	322.789	UC2bYhAHyaqfWlPXWBVk4BcA	39	0.97159199958	0.136893716532
21	117	ctv97Mj5iaI	87.4207	UC2bYhAHyaqfWlPXWBVk4BcA	39	0.986821856491	0.136893716532
22	118	ctv97Mj5iaI	101.635	UC2bYhAHyaqfWlPXWBVk4BcA	39	0.770681043528	0.136893716532
24	127	d3g2tUCAEHQ	238.305	UC2bYhAHyaqfWlPXWBVk4BcA	39	0.956036924087	0.136893716532
29	126	ht9BRzbz9j4	250.851	UC2bYhAHyaqfWlPXWBVk4BcA	39	1.0	0.136893716532
31	139	hzBk_Q1gA_g	161.728	UC2bYhAHyaqfWlPXWBVk4BcA	39	0.978909476918	0.136893716532
34	146	mmX-F7I4NYA	265.298	UC2bYhAHyaqfWlPXWBVk4BcA	39	1.0	0.136893716532
37	134	pUOiGPTZMhQ	204.504	UC2bYhAHyaqfWlPXWBVk4BcA	39	0.994970265854	0.136893716532
39	151	t08qE40UByc	338.071	UC2bYhAHyaqfWlPXWBVk4BcA	39	0.936236336899	0.136893716532
40	147	yIa7B8UF384	113.413	UC2bYhAHyaqfWlPXWBVk4BcA	39	0.953431122769	0.136893716532
48	263	1EUt85Apcbg	28.2525	UC45zwHCRNT5jA8sC5DUW7oQ	36	0.712101632476	0.112005369102
50	310	1WEosoTt-7s	400.248	UC45zwHCRNT5jA8sC5DUW7oQ	36	1.0	0.112005369102
52	299	6aDheKJXEZw	79.2651	UC45zwHCRNT5jA8sC5DUW7oQ	36	1.0	0.112005369102
53	300	6aDheKJXEZw	15.7995	UC45zwHCRNT5jA8sC5DUW7oQ	36	1.0	0.112005369102
57	292	GDFa5kL9ng8	228.272	UC45zwHCRNT5jA8sC5DUW7oQ	36	0.972954793172	0.112005369102
61	328	HuX4szgyXlI	262.679	UC45zwHCRNT5jA8sC5DUW7oQ	38	0.99696624917	0.163802672408
62	329	HuX4szgyXlI	221.644	UC45zwHCRNT5jA8sC5DUW7oQ	36	0.864049868005	0.112005369102
64	324	SIlvvCrso1s	238.506	UC45zwHCRNT5jA8sC5DUW7oQ	10	1.0	0.133632693598
65	325	SIlvvCrso1s	264.951	UC45zwHCRNT5jA8sC5DUW7oQ	36	0.793433481395	0.112005369102
68	319	ZdE96tb6hWg	265.274	UC45zwHCRNT5jA8sC5DUW7oQ	36	0.954029037416	0.112005369102
69	320	ZdE96tb6hWg	49.3394	UC45zwHCRNT5jA8sC5DUW7oQ	36	0.707669905775	0.112005369102
54	289	bRIrLzMxYus	199.317	UC45zwHCRNT5jA8sC5DUW7oQ	36	0.70050278685	0.112005369102
55	290	bRIrLzMxYus	28.0817	UC45zwHCRNT5jA8sC5DUW7oQ	1	1.0	0.0917385948786
58	304	hLNnT2qQ8RU	270.227	UC45zwHCRNT5jA8sC5DUW7oQ	36	0.777578678921	0.112005369102
63	306	pyRn9o-jC8s	287.547	UC45zwHCRNT5jA8sC5DUW7oQ	36	0.823123467397	0.112005369102
71	451	1BqvxnuhE_w	44.8448	UC70WKHZ1X9qIXWmNr0qHGmw	14	0.938214009727	0.0787056635331
72	456	3wMRYYtqH2Q	69.6696	UC70WKHZ1X9qIXWmNr0qHGmw	14	1.0	0.0787056635331
74	488	4qlNnrUdBfE	75.075	UC70WKHZ1X9qIXWmNr0qHGmw	14	1.0	0.0787056635331
76	466	EkKhXt_MpWs	61.7283	UC70WKHZ1X9qIXWmNr0qHGmw	14	0.969746883361	0.0787056635331
79	473	GBCxYaCv_Xw	73.8738	UC70WKHZ1X9qIXWmNr0qHGmw	14	0.968157536902	0.0787056635331
80	474	GBCxYaCv_Xw	11.1111	UC70WKHZ1X9qIXWmNr0qHGmw	50	1.0	0.136426264731
89	480	Otvxw9mT8n0	65.8324	UC70WKHZ1X9qIXWmNr0qHGmw	14	0.933571050381	0.0787056635331
90	481	Otvxw9mT8n0	22.1888	UC70WKHZ1X9qIXWmNr0qHGmw	45	0.958676313556	0.109254488443
94	487	Sbh1l-uKlzg	59.0256	UC70WKHZ1X9qIXWmNr0qHGmw	14	0.917182699224	0.0787056635331
95	493	TGQTGAxsT0Y	45.5121	UC70WKHZ1X9qIXWmNr0qHGmw	14	0.965808582971	0.0787056635331
96	484	TO93lGyUsU8	53.7537	UC70WKHZ1X9qIXWmNr0qHGmw	14	0.952169366463	0.0787056635331
97	494	XCr2HPxyK7I	56.0894	UC70WKHZ1X9qIXWmNr0qHGmw	14	0.960195825422	0.0787056635331
98	495	YwWlHTB1Ya4	42.3423	UC70WKHZ1X9qIXWmNr0qHGmw	14	0.976580234958	0.0787056635331
99	498	Zec3Op2Vr_Q	47.681	UC70WKHZ1X9qIXWmNr0qHGmw	14	0.988175836486	0.0787056635331
81	477	gr-O-4bnqsk	38.1047	UC70WKHZ1X9qIXWmNr0qHGmw	14	0.938198052743	0.0787056635331
83	501	jUqrx5RUJX4	17.2172	UC70WKHZ1X9qIXWmNr0qHGmw	12	0.874890074558	0.0849523322221
84	502	jUqrx5RUJX4	230.297	UC70WKHZ1X9qIXWmNr0qHGmw	14	0.921869375288	0.0787056635331
86	504	jUqrx5RUJX4	8.4084	UC70WKHZ1X9qIXWmNr0qHGmw	41	0.919369634553	0.0610362935955
87	505	jUqrx5RUJX4	23.8238	UC70WKHZ1X9qIXWmNr0qHGmw	41	0.87258294519	0.0610362935955
88	506	jUqrx5RUJX4	28.395	UC70WKHZ1X9qIXWmNr0qHGmw	41	1.0	0.0610362935955
91	507	r5Bhgqxl4iM	414.481	UC70WKHZ1X9qIXWmNr0qHGmw	14	0.964585275731	0.0787056635331
101	13	2Ia8-ihCg-8	36.9035	UC7CEVQbvZ6-uy6TRH_c6scg	12	0.952515084159	0.0849523322221
103	16	79Wql8OmL3o	40.2736	UC7CEVQbvZ6-uy6TRH_c6scg	12	0.98283900121	0.0849523322221
105	18	79Wql8OmL3o	5.97263	UC7CEVQbvZ6-uy6TRH_c6scg	14	0.895696988351	0.0787056635331
106	4	9wxF1UC1rWY	38.5051	UC7CEVQbvZ6-uy6TRH_c6scg	12	1.0	0.0849523322221
124	28	CQtftDuEhy0	11.3113	UC7CEVQbvZ6-uy6TRH_c6scg	41	1.0	0.0610362935955
125	29	CQtftDuEhy0	17.5509	UC7CEVQbvZ6-uy6TRH_c6scg	41	0.954640528013	0.0610362935955
128	32	CQtftDuEhy0	74.9082	UC7CEVQbvZ6-uy6TRH_c6scg	12	0.878096783135	0.0849523322221
129	33	CQtftDuEhy0	47.9479	UC7CEVQbvZ6-uy6TRH_c6scg	12	0.930181784223	0.0849523322221
135	41	Iczb5exOpLs	273.54	UC7CEVQbvZ6-uy6TRH_c6scg	12	0.946343656065	0.0849523322221
140	26771	R877MkpxxUU	34.9349	UC7CEVQbvZ6-uy6TRH_c6scg	12	0.895966197077	0.0849523322221
141	26772	R877MkpxxUU	7.5075	UC7CEVQbvZ6-uy6TRH_c6scg	45	1.0	0.109254488443
142	26773	R877MkpxxUU	0.633967	UC7CEVQbvZ6-uy6TRH_c6scg	50	0.683063638714	0.136426264731
143	26774	R877MkpxxUU	7.5075	UC7CEVQbvZ6-uy6TRH_c6scg	13	1.0	0.258377478227
144	43	UFfFaSM2b8A	575.375	UC7CEVQbvZ6-uy6TRH_c6scg	12	0.972259020542	0.0849523322221
151	19	ZV0LbCU3QSQ	44.411	UC7CEVQbvZ6-uy6TRH_c6scg	12	0.961668614899	0.0849523322221
108	56	almp1Eo1LO0	576.409	UC7CEVQbvZ6-uy6TRH_c6scg	12	0.811519645211	0.0849523322221
114	9	bsLG6JpGzWg	30.7974	UC7CEVQbvZ6-uy6TRH_c6scg	12	0.959925960736	0.0849523322221
115	10	bsLG6JpGzWg	14.5812	UC7CEVQbvZ6-uy6TRH_c6scg	12	0.813735842804	0.0849523322221
116	11	bsLG6JpGzWg	10.9443	UC7CEVQbvZ6-uy6TRH_c6scg	12	0.806224705673	0.0849523322221
118	2	cF4yvjbQgL0	29.3627	UC7CEVQbvZ6-uy6TRH_c6scg	12	0.921795697992	0.0849523322221
130	15	d9EUOkCt1aU	44.411	UC7CEVQbvZ6-uy6TRH_c6scg	12	0.994805716799	0.0849523322221
131	22	e_lgoIriXf8	41.7751	UC7CEVQbvZ6-uy6TRH_c6scg	12	1.0	0.0849523322221
133	21	g7iLJqafwzk	42.6426	UC7CEVQbvZ6-uy6TRH_c6scg	12	0.959760807899	0.0849523322221
134	12	gg33UczgsUI	39.1057	UC7CEVQbvZ6-uy6TRH_c6scg	12	0.945023090851	0.0849523322221
137	49	mX10Ifcg3tk	60.2602	UC7CEVQbvZ6-uy6TRH_c6scg	12	1.0	0.0849523322221
138	50	mX10Ifcg3tk	67.5675	UC7CEVQbvZ6-uy6TRH_c6scg	12	1.0	0.0849523322221
139	51	mX10Ifcg3tk	89.089	UC7CEVQbvZ6-uy6TRH_c6scg	12	1.0	0.0849523322221
146	26791	v5176SOv28M	53.7203	UC7CEVQbvZ6-uy6TRH_c6scg	12	0.915213030619	0.0849523322221
148	34	y9LqQMSZ0zU	48.1481	UC7CEVQbvZ6-uy6TRH_c6scg	12	1.0	0.0849523322221
153	252	5qwPM7N2ekA	332.432	UC8aTvyjY38Qf5rS1xBOWI3w	46	0.854714514101	0.130111752042
154	265	Af5jV9lZJAc	418.084	UC8aTvyjY38Qf5rS1xBOWI3w	23	0.906616832615	0.143959570527
155	266	Af5jV9lZJAc	476.843	UC8aTvyjY38Qf5rS1xBOWI3w	46	0.948169300895	0.130111752042
161	267	PXwYJmd_iTg	355.255	UC8aTvyjY38Qf5rS1xBOWI3w	46	0.952961510142	0.130111752042
171	281	QqeDeD1v34c	23.6679	UC8aTvyjY38Qf5rS1xBOWI3w	46	0.779497337359	0.130111752042
173	258	UIc8aK4WsN4	457.057	UC8aTvyjY38Qf5rS1xBOWI3w	46	1.0	0.130111752042
156	253	jcB_Q7uVr78	95.462	UC8aTvyjY38Qf5rS1xBOWI3w	46	0.962878382879	0.130111752042
174	259	wpcfugXwWFQ	105.539	UC8aTvyjY38Qf5rS1xBOWI3w	23	0.748685562464	0.143959570527
176	261	wpcfugXwWFQ	221.755	UC8aTvyjY38Qf5rS1xBOWI3w	46	1.0	0.130111752042
179	743	395DPCLQfQw	62.3623	UCB826yhc1dm8-MEX1x55yAQ	15	0.951323725086	0.230707398019
181	771	5yZgm-IhG0A	43.6436	UCB826yhc1dm8-MEX1x55yAQ	15	0.859669695038	0.230707398019
183	807	EOyfUb8ikoo	57.8912	UCB826yhc1dm8-MEX1x55yAQ	15	0.88548783654	0.230707398019
186	812	FpxLIqmFWfY	103.403	UCB826yhc1dm8-MEX1x55yAQ	15	1.0	0.230707398019
191	833	PhEWVXntA4I	32.9996	UCB826yhc1dm8-MEX1x55yAQ	15	0.874262258873	0.230707398019
193	832	PxYHFVzfuS0	78.7787	UCB826yhc1dm8-MEX1x55yAQ	15	0.973904343593	0.230707398019
198	848	QxrQ-GvV40c	86.7533	UCB826yhc1dm8-MEX1x55yAQ	15	0.912005336505	0.230707398019
204	841	YnGnGpqCVSQ	97.8978	UCB826yhc1dm8-MEX1x55yAQ	15	0.8364116972	0.230707398019
205	842	YnGnGpqCVSQ	11.6116	UCB826yhc1dm8-MEX1x55yAQ	50	0.683063638714	0.136426264731
206	843	YnGnGpqCVSQ	10.644	UCB826yhc1dm8-MEX1x55yAQ	45	1.0	0.109254488443
207	844	YnGnGpqCVSQ	10.6773	UCB826yhc1dm8-MEX1x55yAQ	13	1.0	0.258377478227
208	845	YnGnGpqCVSQ	9.7097	UCB826yhc1dm8-MEX1x55yAQ	50	0.69404891133	0.136426264731
209	846	YnGnGpqCVSQ	10.6773	UCB826yhc1dm8-MEX1x55yAQ	50	1.0	0.136426264731
210	847	YnGnGpqCVSQ	11.6116	UCB826yhc1dm8-MEX1x55yAQ	29	0.628669300398	0.294276933686
182	808	dLtBXB6cn2I	112.446	UCB826yhc1dm8-MEX1x55yAQ	15	1.0	0.230707398019
188	809	hLWXWeqg4Ys	56.8234	UCB826yhc1dm8-MEX1x55yAQ	15	0.830908122381	0.230707398019
189	831	iydBohK2SjM	57.4908	UCB826yhc1dm8-MEX1x55yAQ	15	0.938196056967	0.230707398019
190	819	jaRwkLmGKsg	30.6306	UCB826yhc1dm8-MEX1x55yAQ	15	0.875393798271	0.230707398019
194	850	q7KN_Fr8yrk	393.326	UCB826yhc1dm8-MEX1x55yAQ	15	0.770125991238	0.230707398019
196	835	qXArEttSkwU	101.935	UCB826yhc1dm8-MEX1x55yAQ	15	0.849918302044	0.230707398019
200	839	rRivD2UvdgQ	152.652	UCB826yhc1dm8-MEX1x55yAQ	15	1.0	0.230707398019
201	840	rRivD2UvdgQ	13.8805	UCB826yhc1dm8-MEX1x55yAQ	15	0.761128468406	0.230707398019
202	837	t3vFeKqOAyU	110.41	UCB826yhc1dm8-MEX1x55yAQ	15	0.959858122414	0.230707398019
444	378	9pugTn8WhHw	331.097	UCEbv-pDOAaKEwfIAZw63JsQ	25	0.9153515759	0.133232475181
445	496	A4uePrJ1bGk	4123.6	UCEbv-pDOAaKEwfIAZw63JsQ	1	0.795895318647	0.0917385948786
446	497	A4uePrJ1bGk	4209.34	UCEbv-pDOAaKEwfIAZw63JsQ	25	0.908619677803	0.133232475181
447	386	C0WaAJTA2fc	482.215	UCEbv-pDOAaKEwfIAZw63JsQ	25	1.0	0.133232475181
451	385	Hi4e40e1-cg	368.969	UCEbv-pDOAaKEwfIAZw63JsQ	25	1.0	0.133232475181
452	374	PCGdBb8g87k	73.1064	UCEbv-pDOAaKEwfIAZw63JsQ	25	0.991559378901	0.133232475181
454	398	Q4WWY0LpfRY	95.8624	UCEbv-pDOAaKEwfIAZw63JsQ	25	0.969759407828	0.133232475181
457	395	XrTHuXXx0hw	217.951	UCEbv-pDOAaKEwfIAZw63JsQ	25	0.943541057646	0.133232475181
436	403	_AEdiP5JiZM	60.2602	UCEbv-pDOAaKEwfIAZw63JsQ	25	0.890435747837	0.133232475181
449	396	dLRQJYJ7hIs	166.366	UCEbv-pDOAaKEwfIAZw63JsQ	25	1.0	0.133232475181
450	397	dLRQJYJ7hIs	167.367	UCEbv-pDOAaKEwfIAZw63JsQ	25	0.943642018953	0.133232475181
458	152	-INOYZ5liIM	62.6594	UCFN_n9FTABlwDsB1ncWUBMQ	24	1.0	0.187858400515
459	153	-INOYZ5liIM	51.4129	UCFN_n9FTABlwDsB1ncWUBMQ	24	1.0	0.187858400515
461	131	Fobcg-lzLiQ	21.5224	UCFN_n9FTABlwDsB1ncWUBMQ	24	0.898201654989	0.187858400515
462	132	Fobcg-lzLiQ	21.3885	UCFN_n9FTABlwDsB1ncWUBMQ	24	0.849679290315	0.187858400515
463	133	Fobcg-lzLiQ	11.7152	UCFN_n9FTABlwDsB1ncWUBMQ	24	0.792003436042	0.187858400515
464	203	HFnARO22HgM	324.262	UCFN_n9FTABlwDsB1ncWUBMQ	24	0.835466915792	0.187858400515
468	163	HkpqUeqRkQs	167.276	UCFN_n9FTABlwDsB1ncWUBMQ	24	0.926202309477	0.187858400515
472	160	KW19GuAX9P8	31.2944	UCFN_n9FTABlwDsB1ncWUBMQ	24	1.0	0.187858400515
473	161	KW19GuAX9P8	30.6919	UCFN_n9FTABlwDsB1ncWUBMQ	24	0.926202309477	0.187858400515
474	150	UmLtGlCHqJM	65.6784	UCFN_n9FTABlwDsB1ncWUBMQ	24	0.936962403954	0.187858400515
475	166	YdJ9oDUipgk	8.66912	UCFN_n9FTABlwDsB1ncWUBMQ	24	1.0	0.187858400515
476	167	YdJ9oDUipgk	88.8668	UCFN_n9FTABlwDsB1ncWUBMQ	24	1.0	0.187858400515
477	168	YdJ9oDUipgk	8.70259	UCFN_n9FTABlwDsB1ncWUBMQ	24	0.911785238486	0.187858400515
460	145	cWa3a8DbJ0A	165.472	UCFN_n9FTABlwDsB1ncWUBMQ	24	0.92648515004	0.187858400515
471	156	k0ndRUXNyDM	50.9825	UCFN_n9FTABlwDsB1ncWUBMQ	24	1.0	0.187858400515
478	516	-8w7uwhi9uw	128.929	UCFOEjz0jo07W8bpEHomEgHg	45	0.906133241396	0.109254488443
479	517	-8w7uwhi9uw	70.5371	UCFOEjz0jo07W8bpEHomEgHg	45	0.967239614524	0.109254488443
480	509	-GEdGdVnvH8	359.492	UCFOEjz0jo07W8bpEHomEgHg	45	1.0	0.109254488443
481	510	-GEdGdVnvH8	88.5885	UCFOEjz0jo07W8bpEHomEgHg	45	0.860697510826	0.109254488443
482	526	5002Ic7nSe0	168.168	UCFOEjz0jo07W8bpEHomEgHg	45	1.0	0.109254488443
487	514	667uThulND8	9.7097	UCFOEjz0jo07W8bpEHomEgHg	45	0.911954978836	0.109254488443
488	515	667uThulND8	199.566	UCFOEjz0jo07W8bpEHomEgHg	45	1.0	0.109254488443
496	532	B2BcUxh5SyU	23.5235	UCFOEjz0jo07W8bpEHomEgHg	45	0.797551865112	0.109254488443
497	533	B2BcUxh5SyU	251.585	UCFOEjz0jo07W8bpEHomEgHg	45	1.0	0.109254488443
500	538	KVGQQNQ97Qc	235.102	UCFOEjz0jo07W8bpEHomEgHg	45	1.0	0.109254488443
502	546	NnUXSbPq6DU	360.227	UCFOEjz0jo07W8bpEHomEgHg	45	1.0	0.109254488443
505	548	RJLpPDJDs4Q	9.54287	UCFOEjz0jo07W8bpEHomEgHg	45	0.875439381792	0.109254488443
506	549	RJLpPDJDs4Q	37.2038	UCFOEjz0jo07W8bpEHomEgHg	45	0.921988351751	0.109254488443
507	550	RJLpPDJDs4Q	247.581	UCFOEjz0jo07W8bpEHomEgHg	45	1.0	0.109254488443
509	535	RyMZcq2PNPk	3.83717	UCFOEjz0jo07W8bpEHomEgHg	45	0.907861381493	0.109254488443
511	537	RyMZcq2PNPk	55.7557	UCFOEjz0jo07W8bpEHomEgHg	45	0.881386790849	0.109254488443
516	553	W2MJHkK7lcQ	47.1471	UCFOEjz0jo07W8bpEHomEgHg	45	0.921988351751	0.109254488443
517	554	W2MJHkK7lcQ	165.365	UCFOEjz0jo07W8bpEHomEgHg	45	1.0	0.109254488443
518	541	XY9IZKTs3vw	248.749	UCFOEjz0jo07W8bpEHomEgHg	45	0.989262932837	0.109254488443
489	520	aEI-szvexhU	341.975	UCFOEjz0jo07W8bpEHomEgHg	45	1.0	0.109254488443
498	518	earXfvWlHeE	288.121	UCFOEjz0jo07W8bpEHomEgHg	45	0.950560014954	0.109254488443
504	528	pW8yVWV51uU	278.478	UCFOEjz0jo07W8bpEHomEgHg	45	1.0	0.109254488443
512	529	vmdVQZmsH3w	324.524	UCFOEjz0jo07W8bpEHomEgHg	45	0.889837955444	0.109254488443
582	363	2A05w8rYSVE	413.713	UCGzDZn8uoXFz0-HyipnaWnw	32	0.935906062336	0.259870126324
584	360	BupEyfVxLRA	270.57	UCGzDZn8uoXFz0-HyipnaWnw	32	0.977020744932	0.259870126324
585	339	D1g0501pm3o	105.872	UCGzDZn8uoXFz0-HyipnaWnw	32	0.808421276222	0.259870126324
588	361	ER2Idvi2Xc4	220.487	UCGzDZn8uoXFz0-HyipnaWnw	32	1.0	0.259870126324
587	364	Ec_yt6qVMQI	345.845	UCGzDZn8uoXFz0-HyipnaWnw	32	0.937444354296	0.259870126324
594	353	RdbOMula7mM	24.5912	UCGzDZn8uoXFz0-HyipnaWnw	32	0.859939309657	0.259870126324
598	366	UsCVUOaZvYs	226.693	UCGzDZn8uoXFz0-HyipnaWnw	32	0.986253692495	0.259870126324
583	338	aKKxmZNB9JU	82.2488	UCGzDZn8uoXFz0-HyipnaWnw	32	0.93393459235	0.259870126324
591	344	knr4rxblV_8	37.7377	UCGzDZn8uoXFz0-HyipnaWnw	32	0.836822635405	0.259870126324
592	376	lUC84KypwD8	635.301	UCGzDZn8uoXFz0-HyipnaWnw	32	1.0	0.259870126324
593	377	lUC84KypwD8	100.734	UCGzDZn8uoXFz0-HyipnaWnw	32	0.607288167686	0.259870126324
596	373	svwRUYj2F8w	198.498	UCGzDZn8uoXFz0-HyipnaWnw	32	0.922720346909	0.259870126324
605	769	6_Je_UImW1o	29.7631	UCIVFEaKHBomhznMRX2aiQEQ	11	0.823465959916	0.104515669931
606	770	6_Je_UImW1o	31.7651	UCIVFEaKHBomhznMRX2aiQEQ	11	0.96034101817	0.104515669931
607	732	CG2rsv2Hgos	21.7899	UCIVFEaKHBomhznMRX2aiQEQ	11	0.798620346914	0.104515669931
609	734	CG2rsv2Hgos	79.6015	UCIVFEaKHBomhznMRX2aiQEQ	37	0.927718664954	0.0714409661107
614	740	HT-cvmZXj5g	29.7964	UCIVFEaKHBomhznMRX2aiQEQ	37	0.896984072618	0.0714409661107
615	741	HT-cvmZXj5g	110.177	UCIVFEaKHBomhznMRX2aiQEQ	11	0.941632168759	0.104515669931
617	798	IwJYen9pIa4	358.42	UCIVFEaKHBomhznMRX2aiQEQ	11	0.938942498823	0.104515669931
618	799	IwJYen9pIa4	354.479	UCIVFEaKHBomhznMRX2aiQEQ	37	1.0	0.0714409661107
611	763	dvUrPh9RAHw	375.831	UCIVFEaKHBomhznMRX2aiQEQ	11	1.0	0.104515669931
620	746	kByHayr2tpU	33.5737	UCIVFEaKHBomhznMRX2aiQEQ	37	1.0	0.0714409661107
621	821	oJ0zV-ij18s	17.6907	UCIVFEaKHBomhznMRX2aiQEQ	37	0.832307126351	0.0714409661107
622	822	oJ0zV-ij18s	9.20718	UCIVFEaKHBomhznMRX2aiQEQ	37	0.788179145015	0.0714409661107
623	823	oJ0zV-ij18s	241.598	UCIVFEaKHBomhznMRX2aiQEQ	11	1.0	0.104515669931
625	825	oJ0zV-ij18s	96.9769	UCIVFEaKHBomhznMRX2aiQEQ	37	0.929659592214	0.0714409661107
627	816	rVmhC8dyjng	301.257	UCIVFEaKHBomhznMRX2aiQEQ	37	0.900414987554	0.0714409661107
628	817	rVmhC8dyjng	291.166	UCIVFEaKHBomhznMRX2aiQEQ	11	0.941632168759	0.104515669931
630	759	tOrqSUBdKCo	81.5417	UCIVFEaKHBomhznMRX2aiQEQ	11	0.871134046091	0.104515669931
632	814	uYuwBkWPCRQ	682.085	UCIVFEaKHBomhznMRX2aiQEQ	37	0.814737087021	0.0714409661107
633	815	uYuwBkWPCRQ	659.932	UCIVFEaKHBomhznMRX2aiQEQ	11	0.794404573474	0.104515669931
787	287	98f54-WaGi0	836.135	UCW-NL7CT8lQcJz843AAwtZQ	38	1.0	0.163802672408
789	268	H_JRrIpB_pA	278.879	UCW-NL7CT8lQcJz843AAwtZQ	38	0.813493376151	0.163802672408
791	279	JJjMymOQZWI	361.494	UCW-NL7CT8lQcJz843AAwtZQ	38	0.79553921527	0.163802672408
799	294	W6UnPNOW4zs	75.9092	UCW-NL7CT8lQcJz843AAwtZQ	10	0.874992148935	0.133632693598
800	296	W6UnPNOW4zs	407.908	UCW-NL7CT8lQcJz843AAwtZQ	38	0.926963217509	0.163802672408
803	308	Z9xT4Lw4YvQ	399.032	UCW-NL7CT8lQcJz843AAwtZQ	38	1.0	0.163802672408
804	309	Z9xT4Lw4YvQ	71.8051	UCW-NL7CT8lQcJz843AAwtZQ	36	0.712425885203	0.112005369102
783	293	_80emZkgKpI	278.845	UCW-NL7CT8lQcJz843AAwtZQ	1	1.0	0.0917385948786
784	295	_80emZkgKpI	283.183	UCW-NL7CT8lQcJz843AAwtZQ	38	0.922548329701	0.163802672408
785	298	_80emZkgKpI	228.495	UCW-NL7CT8lQcJz843AAwtZQ	36	0.954408886777	0.112005369102
793	301	nYAD1hA9EWk	400.7	UCW-NL7CT8lQcJz843AAwtZQ	1	1.0	0.0917385948786
794	302	nYAD1hA9EWk	397.631	UCW-NL7CT8lQcJz843AAwtZQ	38	0.996964848005	0.163802672408
795	303	nYAD1hA9EWk	61.2278	UCW-NL7CT8lQcJz843AAwtZQ	10	0.980615902341	0.133632693598
797	284	rDUSnEokd5s	467.2	UCW-NL7CT8lQcJz843AAwtZQ	38	0.976167204261	0.163802672408
211	691	1q2xNJlSNyk	100.334	UCbxeWUKWro8bMscsa36-BtA	20	1.0	0.128657509015
212	692	1q2xNJlSNyk	16.7834	UCbxeWUKWro8bMscsa36-BtA	20	0.971751193991	0.128657509015
215	700	2GeIU_QybFg	177.511	UCbxeWUKWro8bMscsa36-BtA	20	0.856286578861	0.128657509015
217	693	2xoxCVOZwas	466.666	UCbxeWUKWro8bMscsa36-BtA	20	0.897358828259	0.128657509015
218	686	4Qz9G0Ny7tU	16.7834	UCbxeWUKWro8bMscsa36-BtA	20	0.755727003597	0.128657509015
223	694	8L9LD22budg	140.374	UCbxeWUKWro8bMscsa36-BtA	20	0.966115979547	0.128657509015
225	697	8ZVzpzTIUjs	235.769	UCbxeWUKWro8bMscsa36-BtA	20	0.931386380953	0.128657509015
230	716	B18Yur2bvkI	147.714	UCbxeWUKWro8bMscsa36-BtA	20	0.896414447287	0.128657509015
232	718	C8tlm_j_Xbg	326.56	UCbxeWUKWro8bMscsa36-BtA	20	1.0	0.128657509015
234	724	F5JbvB2qd_I	305.805	UCbxeWUKWro8bMscsa36-BtA	20	0.96311541713	0.128657509015
237	713	H4zeaoDEzgU	186.987	UCbxeWUKWro8bMscsa36-BtA	20	0.942354231944	0.128657509015
241	722	HbvPR2ipKwU	186.019	UCbxeWUKWro8bMscsa36-BtA	20	0.896809412417	0.128657509015
242	727	J4jirMoR7X4	193.193	UCbxeWUKWro8bMscsa36-BtA	20	0.949713557998	0.128657509015
246	761	LIqDkHoshBk	103.937	UCbxeWUKWro8bMscsa36-BtA	20	0.893692566648	0.128657509015
244	723	Lha914AL56E	37.3373	UCbxeWUKWro8bMscsa36-BtA	20	0.963236859297	0.128657509015
249	729	OUE8nkHEwlo	121.255	UCbxeWUKWro8bMscsa36-BtA	20	0.86000849577	0.128657509015
268	738	WNA04ZgltEo	337.571	UCbxeWUKWro8bMscsa36-BtA	20	0.913758676243	0.128657509015
276	779	WrqsfV9Hiwk	122.322	UCbxeWUKWro8bMscsa36-BtA	20	0.907724229705	0.128657509015
298	806	XKOwncyuNu0	43.4768	UCbxeWUKWro8bMscsa36-BtA	20	0.949713557998	0.128657509015
299	757	XyAPKdvKWhY	103.904	UCbxeWUKWro8bMscsa36-BtA	20	0.920153114797	0.128657509015
236	696	fSRJJb3LgUs	122.089	UCbxeWUKWro8bMscsa36-BtA	20	0.864244126799	0.128657509015
248	731	nNSHkRgWE_M	279.579	UCbxeWUKWro8bMscsa36-BtA	20	0.9792353553	0.128657509015
252	737	qCD3CA1jIBw	315.982	UCbxeWUKWro8bMscsa36-BtA	20	1.0	0.128657509015
253	747	riPptnaMRe8	209.643	UCbxeWUKWro8bMscsa36-BtA	20	0.915509502801	0.128657509015
259	753	tFvm_aEzEe0	148.081	UCbxeWUKWro8bMscsa36-BtA	20	0.924925149066	0.128657509015
267	830	uADTIg1FIxM	276.143	UCbxeWUKWro8bMscsa36-BtA	20	0.809210390786	0.128657509015
311	563	6GuCgWGkYQg	13.2215	UCdMdGdabsaWIzSbmE1phGBQ	26	0.810439712117	0.0950754369792
312	564	6GuCgWGkYQg	13.0547	UCdMdGdabsaWIzSbmE1phGBQ	26	0.982366893725	0.0950754369792
326	636	BfYMebQS5lU	514.948	UCdMdGdabsaWIzSbmE1phGBQ	26	1.0	0.0950754369792
344	579	I9tdzISTXmA	1.3013	UCdMdGdabsaWIzSbmE1phGBQ	25	0.740129813222	0.133232475181
359	633	KXeM4aWWLDU	63.3299	UCdMdGdabsaWIzSbmE1phGBQ	26	0.808891610092	0.0950754369792
372	602	N3jg9JsMPRU	20.5205	UCdMdGdabsaWIzSbmE1phGBQ	26	0.900717369499	0.0950754369792
373	587	NKHJg-P4m2A	9.17583	UCdMdGdabsaWIzSbmE1phGBQ	29	0.679164955756	0.294276933686
381	619	PcRkWLoM7Io	13.9139	UCdMdGdabsaWIzSbmE1phGBQ	26	0.758530755623	0.0950754369792
383	621	PcRkWLoM7Io	25.5255	UCdMdGdabsaWIzSbmE1phGBQ	26	1.0	0.0950754369792
401	648	R8v-jXyGKV8	116.617	UCdMdGdabsaWIzSbmE1phGBQ	26	0.853392780453	0.0950754369792
391	669	R_KvD57QELw	126.627	UCdMdGdabsaWIzSbmE1phGBQ	26	0.945047626698	0.0950754369792
376	645	o9NtLP901U0	504.437	UCdMdGdabsaWIzSbmE1phGBQ	26	0.773773407064	0.0950754369792
388	643	pzP3K6pGsTc	157.09	UCdMdGdabsaWIzSbmE1phGBQ	26	0.807913307317	0.0950754369792
420	678	vitAlSupvjo	104.271	UCdMdGdabsaWIzSbmE1phGBQ	26	0.897302970814	0.0950754369792
422	680	xPDP7k5uWXM	339.506	UCdMdGdabsaWIzSbmE1phGBQ	26	1.0	0.0950754369792
519	148	2cUYtO6LSEc	45.6456	UCfYZRHQWV-evwn5kzQsK2Gg	29	0.898606707832	0.294276933686
520	179	4M_zgvhibug	567.567	UCfYZRHQWV-evwn5kzQsK2Gg	29	0.859599749074	0.294276933686
521	149	71A6NP58V44	74.6079	UCfYZRHQWV-evwn5kzQsK2Gg	29	0.899469234221	0.294276933686
522	154	9n-FF9L9xtg	50.6172	UCfYZRHQWV-evwn5kzQsK2Gg	29	1.0	0.294276933686
524	157	CewT_DtQuXQ	51.1511	UCfYZRHQWV-evwn5kzQsK2Gg	29	1.0	0.294276933686
534	176	DsfD0xgNwc8	90.0233	UCfYZRHQWV-evwn5kzQsK2Gg	29	0.845300400725	0.294276933686
537	177	GYsgLFZgd94	78.2448	UCfYZRHQWV-evwn5kzQsK2Gg	29	0.607084771007	0.294276933686
547	189	OZcotJaPDSw	8.04137	UCfYZRHQWV-evwn5kzQsK2Gg	45	1.0	0.109254488443
548	190	OZcotJaPDSw	8.04137	UCfYZRHQWV-evwn5kzQsK2Gg	13	1.0	0.258377478227
549	191	OZcotJaPDSw	8.04137	UCfYZRHQWV-evwn5kzQsK2Gg	50	1.0	0.136426264731
550	192	OZcotJaPDSw	6.97363	UCfYZRHQWV-evwn5kzQsK2Gg	50	0.67147224415	0.136426264731
553	195	OZcotJaPDSw	56.1561	UCfYZRHQWV-evwn5kzQsK2Gg	29	0.883569784043	0.294276933686
555	197	OZcotJaPDSw	8.07473	UCfYZRHQWV-evwn5kzQsK2Gg	50	0.670641575287	0.136426264731
545	201	Oj9OKfncYZk	179.246	UCfYZRHQWV-evwn5kzQsK2Gg	29	0.902471067079	0.294276933686
556	186	PbGNuVm_GMA	63.8304	UCfYZRHQWV-evwn5kzQsK2Gg	29	0.847087526852	0.294276933686
580	199	UupXYmByQTE	67.2005	UCfYZRHQWV-evwn5kzQsK2Gg	29	0.903471472239	0.294276933686
536	185	ehgjVVtGe0c	68.9689	UCfYZRHQWV-evwn5kzQsK2Gg	29	0.966680471235	0.294276933686
540	183	k4pEkTHbQW0	62.3957	UCfYZRHQWV-evwn5kzQsK2Gg	29	0.972107734249	0.294276933686
541	180	l0GOey0l-Is	52.5525	UCfYZRHQWV-evwn5kzQsK2Gg	29	0.915974338273	0.294276933686
544	188	mdMjMwVx64U	124.124	UCfYZRHQWV-evwn5kzQsK2Gg	29	0.876370491224	0.294276933686
560	230	rFWF8_1vjQA	58.8254	UCfYZRHQWV-evwn5kzQsK2Gg	12	0.895921666386	0.0849523322221
565	235	rFWF8_1vjQA	15.382	UCfYZRHQWV-evwn5kzQsK2Gg	19	0.759947014137	0.102611131387
577	247	rFWF8_1vjQA	24.5245	UCfYZRHQWV-evwn5kzQsK2Gg	23	0.719234288694	0.143959570527
578	248	rFWF8_1vjQA	30.6973	UCfYZRHQWV-evwn5kzQsK2Gg	45	0.930918264255	0.109254488443
581	200	y3lgrCiWIxI	66.066	UCfYZRHQWV-evwn5kzQsK2Gg	29	1.0	0.294276933686
634	83	8YQ7-H6jtk4	3.4034	UCjTVNkbx5megxlnl1spy2jg	46	0.878575319133	0.130111752042
642	98	8YQ7-H6jtk4	623.223	UCjTVNkbx5megxlnl1spy2jg	27	0.869277266596	0.089854086543
643	100	8YQ7-H6jtk4	5.83917	UCjTVNkbx5megxlnl1spy2jg	28	1.0	0.052136597118
644	101	8YQ7-H6jtk4	5.83917	UCjTVNkbx5megxlnl1spy2jg	28	1.0	0.052136597118
645	102	8YQ7-H6jtk4	5.83917	UCjTVNkbx5megxlnl1spy2jg	28	1.0	0.052136597118
648	39311	F040CJjjhXA	72.8394	UCjTVNkbx5megxlnl1spy2jg	27	0.863049736188	0.089854086543
660	109	QwkzJSrVaXA	209.676	UCjTVNkbx5megxlnl1spy2jg	27	0.890360399227	0.089854086543
677	111	W-q-KQZUcYk	334.334	UCjTVNkbx5megxlnl1spy2jg	27	0.88368231077	0.089854086543
682	62	Z0FujJwvLQI	21.5549	UCjTVNkbx5megxlnl1spy2jg	39	0.961942677706	0.136893716532
651	68	j1hXMq_hOL8	553.887	UCjTVNkbx5megxlnl1spy2jg	27	0.960024323659	0.089854086543
654	52	jIan9sdwD2Q	522.165	UCjTVNkbx5megxlnl1spy2jg	27	0.848677613186	0.089854086543
658	106	qPyjSxy_gzw	405.739	UCjTVNkbx5megxlnl1spy2jg	27	0.855934783466	0.089854086543
656	54	qgp9uzPvLAY	197.097	UCjTVNkbx5megxlnl1spy2jg	27	0.836651214083	0.089854086543
670	87	u_VC0qVd6Kc	3.47013	UCjTVNkbx5megxlnl1spy2jg	27	0.89437130249	0.089854086543
671	90	u_VC0qVd6Kc	6.13947	UCjTVNkbx5megxlnl1spy2jg	27	1.0	0.089854086543
672	93	u_VC0qVd6Kc	9.04237	UCjTVNkbx5megxlnl1spy2jg	27	0.903925870622	0.089854086543
673	95	u_VC0qVd6Kc	6.53987	UCjTVNkbx5megxlnl1spy2jg	27	1.0	0.089854086543
674	96	u_VC0qVd6Kc	3.77043	UCjTVNkbx5megxlnl1spy2jg	27	0.804936980567	0.089854086543
675	97	u_VC0qVd6Kc	4.97163	UCjTVNkbx5megxlnl1spy2jg	27	0.897733202227	0.089854086543
676	99	u_VC0qVd6Kc	4.4044	UCjTVNkbx5megxlnl1spy2jg	27	0.757540816664	0.089854086543
694	444	-4UFB0CBrFI	201.607	UCl0mpynmsGpbrJn98xlZGWQ	22	0.837379781512	0.0792005461943
695	445	-4UFB0CBrFI	206.733	UCl0mpynmsGpbrJn98xlZGWQ	19	0.883843565912	0.102611131387
699	458	-Lrv7jtAcOc	508.042	UCl0mpynmsGpbrJn98xlZGWQ	19	1.0	0.102611131387
700	459	-Lrv7jtAcOc	453.941	UCl0mpynmsGpbrJn98xlZGWQ	22	0.945221678781	0.0792005461943
696	431	-kzcWbC55XY	334.453	UCl0mpynmsGpbrJn98xlZGWQ	22	0.912096519555	0.0792005461943
697	432	-kzcWbC55XY	269.994	UCl0mpynmsGpbrJn98xlZGWQ	19	0.840617264602	0.102611131387
701	449	5fD7POSsiWY	152.757	UCl0mpynmsGpbrJn98xlZGWQ	19	0.981415549938	0.102611131387
702	450	5fD7POSsiWY	161.276	UCl0mpynmsGpbrJn98xlZGWQ	22	0.902118988486	0.0792005461943
724	483	Qz1iBRpoa2I	372.84	UCl0mpynmsGpbrJn98xlZGWQ	22	1.0	0.0792005461943
725	485	Qz1iBRpoa2I	318.706	UCl0mpynmsGpbrJn98xlZGWQ	19	0.914306009977	0.102611131387
730	475	ReyZZ8r1B-w	355.665	UCl0mpynmsGpbrJn98xlZGWQ	22	0.871682437622	0.0792005461943
731	476	ReyZZ8r1B-w	440.59	UCl0mpynmsGpbrJn98xlZGWQ	19	0.974749426409	0.102611131387
703	429	bE6tZ72_ZM0	202.828	UCl0mpynmsGpbrJn98xlZGWQ	19	0.925935420608	0.102611131387
704	430	bE6tZ72_ZM0	117.139	UCl0mpynmsGpbrJn98xlZGWQ	22	0.781539000673	0.0792005461943
705	464	bY6X_MqItZQ	42.6021	UCl0mpynmsGpbrJn98xlZGWQ	22	0.740410393996	0.0792005461943
707	427	d-Z5Ters7IQ	71.1047	UCl0mpynmsGpbrJn98xlZGWQ	19	0.880257572188	0.102611131387
708	428	d-Z5Ters7IQ	92.2317	UCl0mpynmsGpbrJn98xlZGWQ	22	0.762612266783	0.0792005461943
711	423	dSYQ9BWl8JM	42.0138	UCl0mpynmsGpbrJn98xlZGWQ	19	0.78493410487	0.102611131387
712	424	dSYQ9BWl8JM	18.3918	UCl0mpynmsGpbrJn98xlZGWQ	22	0.815907312023	0.0792005461943
713	425	dSYQ9BWl8JM	18.2879	UCl0mpynmsGpbrJn98xlZGWQ	22	0.772025112153	0.0792005461943
714	460	f3pGe-3s_jE	266.392	UCl0mpynmsGpbrJn98xlZGWQ	22	0.870338213274	0.0792005461943
716	462	f3pGe-3s_jE	313.81	UCl0mpynmsGpbrJn98xlZGWQ	19	0.91130562617	0.102611131387
718	489	lu6riC9qqIk	608.853	UCl0mpynmsGpbrJn98xlZGWQ	22	0.863754867375	0.0792005461943
719	490	lu6riC9qqIk	551.67	UCl0mpynmsGpbrJn98xlZGWQ	19	0.945510006172	0.102611131387
720	467	ppRySHDBCBM	212.031	UCl0mpynmsGpbrJn98xlZGWQ	22	0.982747472029	0.0792005461943
721	468	ppRySHDBCBM	187.51	UCl0mpynmsGpbrJn98xlZGWQ	19	1.0	0.102611131387
727	453	r_fWq3aymvQ	157.56	UCl0mpynmsGpbrJn98xlZGWQ	19	0.91699330549	0.102611131387
728	454	r_fWq3aymvQ	136.986	UCl0mpynmsGpbrJn98xlZGWQ	22	0.914485893207	0.0792005461943
732	419	rlhHsABogKA	23.4108	UCl0mpynmsGpbrJn98xlZGWQ	19	0.868993060375	0.102611131387
733	420	rlhHsABogKA	14.8569	UCl0mpynmsGpbrJn98xlZGWQ	22	0.759485493422	0.0792005461943
734	491	v8VAKxFW1mQ	449.449	UCl0mpynmsGpbrJn98xlZGWQ	22	0.879267672739	0.0792005461943
735	492	v8VAKxFW1mQ	458.258	UCl0mpynmsGpbrJn98xlZGWQ	19	1.0	0.102611131387
737	471	x9KYLLEIIbo	168.909	UCl0mpynmsGpbrJn98xlZGWQ	19	0.970092135516	0.102611131387
738	472	x9KYLLEIIbo	172.65	UCl0mpynmsGpbrJn98xlZGWQ	22	1.0	0.0792005461943
740	447	xrPT4Z4kps8	23.687	UCl0mpynmsGpbrJn98xlZGWQ	22	0.760500597602	0.0792005461943
741	448	xrPT4Z4kps8	6.47582	UCl0mpynmsGpbrJn98xlZGWQ	22	0.838193809288	0.0792005461943
742	37	-YCJOI3u1Gk	194.895	UCnfUCP_4nSws4KUI4Nkdaig	23	0.964848964439	0.143959570527
745	73	aHCsK3av2qc	99.466	UCnfUCP_4nSws4KUI4Nkdaig	23	1.0	0.143959570527
752	38	eeMdxxtOpAg	302.802	UCnfUCP_4nSws4KUI4Nkdaig	23	0.955804084094	0.143959570527
753	39	me7wa2u0PhY	214.915	UCnfUCP_4nSws4KUI4Nkdaig	23	0.961065435373	0.143959570527
754	40	me7wa2u0PhY	20.654	UCnfUCP_4nSws4KUI4Nkdaig	46	0.732672823397	0.130111752042
755	44	rCAhE2kC5_o	279.846	UCnfUCP_4nSws4KUI4Nkdaig	46	0.949789699392	0.130111752042
756	46	rCAhE2kC5_o	177.544	UCnfUCP_4nSws4KUI4Nkdaig	23	1.0	0.143959570527
757	47	yuRDsGzm-Sc	397.697	UCnfUCP_4nSws4KUI4Nkdaig	46	0.97384700774	0.130111752042
758	48	yuRDsGzm-Sc	209.843	UCnfUCP_4nSws4KUI4Nkdaig	23	1.0	0.143959570527
760	209	CPytGM36EmE	1.5015	UCnsZ4GPxvLUmadQuxwXxaHw	3	0.716014265468	0.175459379081
764	213	CPytGM36EmE	37.6376	UCnsZ4GPxvLUmadQuxwXxaHw	3	0.929829168277	0.175459379081
765	219	DgE1G4pFxT8	347.047	UCnsZ4GPxvLUmadQuxwXxaHw	3	1.0	0.175459379081
766	206	EIgDQvYrERY	272.806	UCnsZ4GPxvLUmadQuxwXxaHw	3	0.981185532277	0.175459379081
768	222	FVdQhPaTqyk	212.045	UCnsZ4GPxvLUmadQuxwXxaHw	3	1.0	0.175459379081
769	223	FVdQhPaTqyk	19.1191	UCnsZ4GPxvLUmadQuxwXxaHw	3	0.707067601109	0.175459379081
771	250	KzPYdiCBHSY	264.998	UCnsZ4GPxvLUmadQuxwXxaHw	3	0.850610700923	0.175459379081
782	249	ZLf5jT2ovcs	220.053	UCnsZ4GPxvLUmadQuxwXxaHw	3	0.888192789213	0.175459379081
780	217	Z_I8Y8p7AyM	80.2135	UCnsZ4GPxvLUmadQuxwXxaHw	3	0.820106429062	0.175459379081
770	224	kSvbp148sbs	450.817	UCnsZ4GPxvLUmadQuxwXxaHw	3	0.948619422777	0.175459379081
776	226	pJGIrlts0h8	249.816	UCnsZ4GPxvLUmadQuxwXxaHw	3	1.0	0.175459379081
806	315	9jr2R5B2vJE	151.852	UCxK8FgwjHujWeRj4aJOErgw	34	0.740972847764	0.287964809943
809	323	HvpOXTGDRSY	517.083	UCxK8FgwjHujWeRj4aJOErgw	34	0.949401201871	0.287964809943
816	330	LJFtKEtDoq0	446.546	UCxK8FgwjHujWeRj4aJOErgw	34	0.960869284292	0.287964809943
818	347	LPSmi0Eu0cs	597.764	UCxK8FgwjHujWeRj4aJOErgw	34	0.97200082069	0.287964809943
829	334	Tx7wjVPbyb8	0.6006	UCxK8FgwjHujWeRj4aJOErgw	50	0.897468159351	0.136426264731
830	335	Tx7wjVPbyb8	120.387	UCxK8FgwjHujWeRj4aJOErgw	34	1.0	0.287964809943
808	317	eJWSSaLkYa4	167.567	UCxK8FgwjHujWeRj4aJOErgw	34	0.970615294464	0.287964809943
810	312	jRm_Mxi92to	37.7711	UCxK8FgwjHujWeRj4aJOErgw	34	0.811266876629	0.287964809943
812	336	jw2GIOb6UPc	490.19	UCxK8FgwjHujWeRj4aJOErgw	34	1.0	0.287964809943
814	332	kltjzqFDQw8	560.093	UCxK8FgwjHujWeRj4aJOErgw	34	0.930167214854	0.287964809943
821	350	p_0tEafIC4U	21.8552	UCxK8FgwjHujWeRj4aJOErgw	34	0.640618406241	0.287964809943
822	351	p_0tEafIC4U	504.304	UCxK8FgwjHujWeRj4aJOErgw	34	0.945044036774	0.287964809943
823	352	p_0tEafIC4U	13.7137	UCxK8FgwjHujWeRj4aJOErgw	34	0.676968697345	0.287964809943
824	326	qH3f75vmJnw	116.583	UCxK8FgwjHujWeRj4aJOErgw	34	0.767989074269	0.287964809943
826	342	r-WdSBpB384	68.7687	UCxK8FgwjHujWeRj4aJOErgw	34	0.860003300716	0.287964809943
827	358	s8Tp1fRbGv0	597.197	UCxK8FgwjHujWeRj4aJOErgw	34	0.999661955964	0.287964809943
833	369	ujuavyc4RN8	16.2162	UCxK8FgwjHujWeRj4aJOErgw	34	0.800327629057	0.287964809943
834	370	ujuavyc4RN8	10.5105	UCxK8FgwjHujWeRj4aJOErgw	34	0.774627105706	0.287964809943
835	371	ujuavyc4RN8	286.319	UCxK8FgwjHujWeRj4aJOErgw	34	0.97562884982	0.287964809943
836	372	ujuavyc4RN8	1.13447	UCxK8FgwjHujWeRj4aJOErgw	34	0.872373745659	0.287964809943
837	355	wlvgdDJNrbg	219.686	UCxK8FgwjHujWeRj4aJOErgw	34	0.978362757859	0.287964809943
840	345	yJoZkDU7S5c	76.6432	UCxK8FgwjHujWeRj4aJOErgw	34	0.983993490332	0.287964809943
841	346	yJoZkDU7S5c	8.67533	UCxK8FgwjHujWeRj4aJOErgw	34	0.715829727864	0.287964809943
842	379	64AiD8g3EuM	173.373	UCxW6kswHdM0gcRMopggPIvQ	17	0.932848274796	0.0715118564058
845	389	A-8LzPyBP-g	123.457	UCxW6kswHdM0gcRMopggPIvQ	17	0.979934356366	0.0715118564058
847	383	BKEjp06wIbk	146.246	UCxW6kswHdM0gcRMopggPIvQ	17	1.0	0.0715118564058
853	393	PhchsyTzUZs	109.676	UCxW6kswHdM0gcRMopggPIvQ	17	1.0	0.0715118564058
859	402	W3NhtfktX08	150.917	UCxW6kswHdM0gcRMopggPIvQ	17	1.0	0.0715118564058
849	392	d216F8ZaikQ	276.71	UCxW6kswHdM0gcRMopggPIvQ	17	0.998210700814	0.0715118564058
850	390	eTy_4V_to24	67.434	UCxW6kswHdM0gcRMopggPIvQ	17	0.981398375133	0.0715118564058
851	381	m3GkYIwdrIk	103.804	UCxW6kswHdM0gcRMopggPIvQ	17	0.970925473261	0.0715118564058
854	411	sMdA3cyoWlk	120.62	UCxW6kswHdM0gcRMopggPIvQ	17	1.0	0.0715118564058
856	413	sMdA3cyoWlk	90.3236	UCxW6kswHdM0gcRMopggPIvQ	3	0.846345977355	0.175459379081
861	858	0-EKAyGQAkU	334.835	UCz09qEPPNLdP7BG3baywE8w	35	0.89159895933	0.111258754005
863	860	0-EKAyGQAkU	183.433	UCz09qEPPNLdP7BG3baywE8w	49	1.0	0.166355298796
864	874	6yevIMoxB2Y	10.9276	UCz09qEPPNLdP7BG3baywE8w	22	0.743052130679	0.0792005461943
867	877	6yevIMoxB2Y	59.1007	UCz09qEPPNLdP7BG3baywE8w	35	0.831866683632	0.111258754005
868	855	93n6AonDivk	2.5025	UCz09qEPPNLdP7BG3baywE8w	35	1.0	0.111258754005
869	856	93n6AonDivk	26.4014	UCz09qEPPNLdP7BG3baywE8w	35	1.0	0.111258754005
870	857	93n6AonDivk	2.002	UCz09qEPPNLdP7BG3baywE8w	35	0.886526248033	0.111258754005
876	866	FvMqJWxVxSw	262.471	UCz09qEPPNLdP7BG3baywE8w	35	1.0	0.111258754005
884	883	Li9GKLVS0so	454.287	UCz09qEPPNLdP7BG3baywE8w	35	0.983010667361	0.111258754005
887	884	LjUNkkeQWu0	232.607	UCz09qEPPNLdP7BG3baywE8w	35	0.879604183385	0.111258754005
888	885	LjUNkkeQWu0	91.0076	UCz09qEPPNLdP7BG3baywE8w	35	0.830220820337	0.111258754005
889	872	LwZmsZ2Q1Nc	231.698	UCz09qEPPNLdP7BG3baywE8w	35	0.903218041416	0.111258754005
891	880	QadW6q78gaU	237.938	UCz09qEPPNLdP7BG3baywE8w	35	0.931028097686	0.111258754005
892	881	U2gTp_Tpn-A	443.276	UCz09qEPPNLdP7BG3baywE8w	35	0.869140955817	0.111258754005
893	882	U2gTp_Tpn-A	35.3687	UCz09qEPPNLdP7BG3baywE8w	35	0.769053465153	0.111258754005
896	894	WOAgVf-pUeg	355.388	UCz09qEPPNLdP7BG3baywE8w	35	0.972138127167	0.111258754005
903	891	ZtqfcL1FFPo	589.089	UCz09qEPPNLdP7BG3baywE8w	35	1.0	0.111258754005
905	893	ZtqfcL1FFPo	53.0947	UCz09qEPPNLdP7BG3baywE8w	49	1.0	0.166355298796
860	852	_gjGXK2j1DI	300.884	UCz09qEPPNLdP7BG3baywE8w	35	0.906743085306	0.111258754005
871	853	a4ipSBb9Ijk	60.3603	UCz09qEPPNLdP7BG3baywE8w	35	0.833640070129	0.111258754005
873	863	c-Qag2F1cMU	245.787	UCz09qEPPNLdP7BG3baywE8w	35	0.929339793559	0.111258754005
875	864	dpMkpZf0VHk	365.699	UCz09qEPPNLdP7BG3baywE8w	35	0.78356956328	0.111258754005
878	861	g9rpw933se4	208.708	UCz09qEPPNLdP7BG3baywE8w	35	0.975997002368	0.111258754005
879	862	g9rpw933se4	13.8138	UCz09qEPPNLdP7BG3baywE8w	35	0.772305175312	0.111258754005
880	878	hpkDgjBSk60	393.059	UCz09qEPPNLdP7BG3baywE8w	35	0.929377435805	0.111258754005
882	868	i3b7uhby5YI	323.256	UCz09qEPPNLdP7BG3baywE8w	35	0.948970797274	0.111258754005
885	870	lIsX1CpLJ5M	191.024	UCz09qEPPNLdP7BG3baywE8w	35	0.897600096225	0.111258754005
886	871	lIsX1CpLJ5M	36.9953	UCz09qEPPNLdP7BG3baywE8w	49	1.0	0.166355298796
894	886	vcJwSlpK2jY	161.595	UCz09qEPPNLdP7BG3baywE8w	35	0.952027856732	0.111258754005
895	887	vcJwSlpK2jY	232.999	UCz09qEPPNLdP7BG3baywE8w	35	0.753913066082	0.111258754005
900	888	xoKrrOvP9q4	498.581	UCz09qEPPNLdP7BG3baywE8w	35	0.91472070941	0.111258754005
901	889	ylujGWUJtDk	328.286	UCz09qEPPNLdP7BG3baywE8w	35	0.935726668088	0.111258754005
