	id	videoID	duration	channel	label	proba	pers
554	555	E0oQt8mtYK4	407.274	UC1LG7YDL7OLD6VvdPAmyjiA	5	1.0	0.183163544511
555	556	E0oQt8mtYK4	393.36	UC1LG7YDL7OLD6VvdPAmyjiA	4	1.0	0.152005068213
557	558	TpwlVBgmrUc	370.871	UC1LG7YDL7OLD6VvdPAmyjiA	5	0.935918942155	0.183163544511
558	559	TpwlVBgmrUc	615.381	UC1LG7YDL7OLD6VvdPAmyjiA	4	1.0	0.152005068213
543	544	rAXYNd1CA9A	537.203	UC1LG7YDL7OLD6VvdPAmyjiA	4	1.0	0.152005068213
544	545	rAXYNd1CA9A	559.492	UC1LG7YDL7OLD6VvdPAmyjiA	5	1.0	0.183163544511
559	560	yTM8ps35-24	544.677	UC1LG7YDL7OLD6VvdPAmyjiA	4	0.993080418918	0.152005068213
560	561	yTM8ps35-24	598.531	UC1LG7YDL7OLD6VvdPAmyjiA	5	1.0	0.183163544511
413	414	5uGpMmE7jQY	318.668	UC2FfW6_YHXUSfsndM2R37cQ	9	1.0	0.133632693598
433	434	F76ntKET30k	446.153	UC2FfW6_YHXUSfsndM2R37cQ	30	0.724704063311	0.112005369102
434	435	F76ntKET30k	471.496	UC2FfW6_YHXUSfsndM2R37cQ	9	0.963941077583	0.133632693598
416	417	V60JXBzi_Vc	480.942	UC2FfW6_YHXUSfsndM2R37cQ	9	0.942515641486	0.133632693598
414	415	cv22idODm9Y	239.773	UC2FfW6_YHXUSfsndM2R37cQ	32	0.979240623854	0.163802672408
415	416	cv22idODm9Y	222.889	UC2FfW6_YHXUSfsndM2R37cQ	9	1.0	0.133632693598
102	103	-AJuqXp5YLQ	189.823	UC2bYhAHyaqfWlPXWBVk4BcA	33	0.933949070335	0.13700870147
79	80	-sOb5xtyfBI	261.294	UC2bYhAHyaqfWlPXWBVk4BcA	33	0.983985133498	0.13700870147
104	105	1Bz2BnK3Lio	87.2205	UC2bYhAHyaqfWlPXWBVk4BcA	33	1.0	0.13700870147
107	108	3wDlEQ6wcPs	196.697	UC2bYhAHyaqfWlPXWBVk4BcA	33	1.0	0.13700870147
120	121	9fTVHcXrdK0	127.995	UC2bYhAHyaqfWlPXWBVk4BcA	33	0.964363804081	0.13700870147
114	115	BiUF8qQrXMA	145.345	UC2bYhAHyaqfWlPXWBVk4BcA	33	0.99340739438	0.13700870147
113	114	CmM5nUMA_SA	167.968	UC2bYhAHyaqfWlPXWBVk4BcA	33	0.962918514031	0.13700870147
115	116	CqugMysYaIM	204.071	UC2bYhAHyaqfWlPXWBVk4BcA	33	0.799522035518	0.13700870147
124	125	EJh2HxD2YYg	121.021	UC2bYhAHyaqfWlPXWBVk4BcA	33	0.9374699917	0.13700870147
129	130	MrjF_C7lWKM	225.859	UC2bYhAHyaqfWlPXWBVk4BcA	33	0.896141631038	0.13700870147
112	113	aqIOxteRj6c	322.789	UC2bYhAHyaqfWlPXWBVk4BcA	33	0.969895571878	0.13700870147
116	117	ctv97Mj5iaI	87.4207	UC2bYhAHyaqfWlPXWBVk4BcA	33	0.98509883702	0.13700870147
117	118	ctv97Mj5iaI	101.635	UC2bYhAHyaqfWlPXWBVk4BcA	33	0.76933541216	0.13700870147
126	127	d3g2tUCAEHQ	238.305	UC2bYhAHyaqfWlPXWBVk4BcA	33	0.954367655997	0.13700870147
125	126	ht9BRzbz9j4	250.851	UC2bYhAHyaqfWlPXWBVk4BcA	33	0.998253971109	0.13700870147
138	139	hzBk_Q1gA_g	161.728	UC2bYhAHyaqfWlPXWBVk4BcA	33	0.977200272689	0.13700870147
145	146	mmX-F7I4NYA	265.298	UC2bYhAHyaqfWlPXWBVk4BcA	33	0.998253971109	0.13700870147
133	134	pUOiGPTZMhQ	204.504	UC2bYhAHyaqfWlPXWBVk4BcA	33	0.993233019024	0.13700870147
150	151	t08qE40UByc	338.071	UC2bYhAHyaqfWlPXWBVk4BcA	33	0.934601641206	0.13700870147
146	147	yIa7B8UF384	113.413	UC2bYhAHyaqfWlPXWBVk4BcA	33	0.951766404483	0.13700870147
262	263	1EUt85Apcbg	28.2525	UC45zwHCRNT5jA8sC5DUW7oQ	30	0.712101632476	0.112005369102
309	310	1WEosoTt-7s	400.248	UC45zwHCRNT5jA8sC5DUW7oQ	30	1.0	0.112005369102
298	299	6aDheKJXEZw	79.2651	UC45zwHCRNT5jA8sC5DUW7oQ	30	1.0	0.112005369102
299	300	6aDheKJXEZw	15.7995	UC45zwHCRNT5jA8sC5DUW7oQ	30	1.0	0.112005369102
291	292	GDFa5kL9ng8	228.272	UC45zwHCRNT5jA8sC5DUW7oQ	30	0.972954793172	0.112005369102
327	328	HuX4szgyXlI	262.679	UC45zwHCRNT5jA8sC5DUW7oQ	32	0.99696624917	0.163802672408
328	329	HuX4szgyXlI	221.644	UC45zwHCRNT5jA8sC5DUW7oQ	30	0.864049868005	0.112005369102
323	324	SIlvvCrso1s	238.506	UC45zwHCRNT5jA8sC5DUW7oQ	9	1.0	0.133632693598
324	325	SIlvvCrso1s	264.951	UC45zwHCRNT5jA8sC5DUW7oQ	30	0.793433481395	0.112005369102
318	319	ZdE96tb6hWg	265.274	UC45zwHCRNT5jA8sC5DUW7oQ	30	0.954029037416	0.112005369102
319	320	ZdE96tb6hWg	49.3394	UC45zwHCRNT5jA8sC5DUW7oQ	30	0.707669905775	0.112005369102
288	289	bRIrLzMxYus	199.317	UC45zwHCRNT5jA8sC5DUW7oQ	30	0.70050278685	0.112005369102
289	290	bRIrLzMxYus	28.0817	UC45zwHCRNT5jA8sC5DUW7oQ	1	1.0	0.0917385948786
303	304	hLNnT2qQ8RU	270.227	UC45zwHCRNT5jA8sC5DUW7oQ	30	0.777578678921	0.112005369102
305	306	pyRn9o-jC8s	287.547	UC45zwHCRNT5jA8sC5DUW7oQ	30	0.823123467397	0.112005369102
450	451	1BqvxnuhE_w	44.8448	UC70WKHZ1X9qIXWmNr0qHGmw	12	0.938214009727	0.125803854115
455	456	3wMRYYtqH2Q	69.6696	UC70WKHZ1X9qIXWmNr0qHGmw	12	1.0	0.125803854115
487	488	4qlNnrUdBfE	75.075	UC70WKHZ1X9qIXWmNr0qHGmw	12	1.0	0.125803854115
465	466	EkKhXt_MpWs	61.7283	UC70WKHZ1X9qIXWmNr0qHGmw	12	0.969746883361	0.125803854115
472	473	GBCxYaCv_Xw	73.8738	UC70WKHZ1X9qIXWmNr0qHGmw	12	0.968157536902	0.125803854115
473	474	GBCxYaCv_Xw	11.1111	UC70WKHZ1X9qIXWmNr0qHGmw	44	1.0	0.19290619097
479	480	Otvxw9mT8n0	65.8324	UC70WKHZ1X9qIXWmNr0qHGmw	12	0.933571050381	0.125803854115
480	481	Otvxw9mT8n0	22.1888	UC70WKHZ1X9qIXWmNr0qHGmw	39	0.814897120017	0.125002573451
486	487	Sbh1l-uKlzg	59.0256	UC70WKHZ1X9qIXWmNr0qHGmw	12	0.917182699224	0.125803854115
492	493	TGQTGAxsT0Y	45.5121	UC70WKHZ1X9qIXWmNr0qHGmw	12	0.965808582971	0.125803854115
483	484	TO93lGyUsU8	53.7537	UC70WKHZ1X9qIXWmNr0qHGmw	12	0.952169366463	0.125803854115
493	494	XCr2HPxyK7I	56.0894	UC70WKHZ1X9qIXWmNr0qHGmw	12	0.960195825422	0.125803854115
494	495	YwWlHTB1Ya4	42.3423	UC70WKHZ1X9qIXWmNr0qHGmw	12	0.976580234958	0.125803854115
497	498	Zec3Op2Vr_Q	47.681	UC70WKHZ1X9qIXWmNr0qHGmw	12	0.988175836486	0.125803854115
464	465	aQGQSqgpuCY	68.3016	UC70WKHZ1X9qIXWmNr0qHGmw	12	0.820438172172	0.125803854115
477	478	fFPuIclzUSA	88.4884	UC70WKHZ1X9qIXWmNr0qHGmw	12	0.815238294628	0.125803854115
476	477	gr-O-4bnqsk	38.1047	UC70WKHZ1X9qIXWmNr0qHGmw	12	0.938198052743	0.125803854115
500	501	jUqrx5RUJX4	17.2172	UC70WKHZ1X9qIXWmNr0qHGmw	11	0.874890074558	0.0866116415854
501	502	jUqrx5RUJX4	230.297	UC70WKHZ1X9qIXWmNr0qHGmw	12	0.921869375288	0.125803854115
503	504	jUqrx5RUJX4	8.4084	UC70WKHZ1X9qIXWmNr0qHGmw	35	0.919369634553	0.0508635779962
504	505	jUqrx5RUJX4	23.8238	UC70WKHZ1X9qIXWmNr0qHGmw	35	0.87258294519	0.0508635779962
505	506	jUqrx5RUJX4	28.395	UC70WKHZ1X9qIXWmNr0qHGmw	35	1.0	0.0508635779962
506	507	r5Bhgqxl4iM	414.481	UC70WKHZ1X9qIXWmNr0qHGmw	12	0.964585275731	0.125803854115
12	13	2Ia8-ihCg-8	36.9035	UC7CEVQbvZ6-uy6TRH_c6scg	11	0.952515084159	0.0866116415854
15	16	79Wql8OmL3o	40.2736	UC7CEVQbvZ6-uy6TRH_c6scg	11	0.98283900121	0.0866116415854
17	18	79Wql8OmL3o	5.97263	UC7CEVQbvZ6-uy6TRH_c6scg	12	0.895696988351	0.125803854115
3	4	9wxF1UC1rWY	38.5051	UC7CEVQbvZ6-uy6TRH_c6scg	11	1.0	0.0866116415854
23	24	CQtftDuEhy0	8.5085	UC7CEVQbvZ6-uy6TRH_c6scg	12	0.74941023242	0.125803854115
24	25	CQtftDuEhy0	7.54087	UC7CEVQbvZ6-uy6TRH_c6scg	35	0.848898212114	0.0508635779962
25	26	CQtftDuEhy0	55.689	UC7CEVQbvZ6-uy6TRH_c6scg	12	0.771815593084	0.125803854115
27	28	CQtftDuEhy0	11.3113	UC7CEVQbvZ6-uy6TRH_c6scg	35	1.0	0.0508635779962
28	29	CQtftDuEhy0	17.5509	UC7CEVQbvZ6-uy6TRH_c6scg	35	0.954640528013	0.0508635779962
31	32	CQtftDuEhy0	74.9082	UC7CEVQbvZ6-uy6TRH_c6scg	11	0.878096783135	0.0866116415854
32	33	CQtftDuEhy0	47.9479	UC7CEVQbvZ6-uy6TRH_c6scg	11	0.930181784223	0.0866116415854
40	41	Iczb5exOpLs	273.54	UC7CEVQbvZ6-uy6TRH_c6scg	11	0.946343656065	0.0866116415854
42	43	UFfFaSM2b8A	575.375	UC7CEVQbvZ6-uy6TRH_c6scg	11	0.972259020542	0.0866116415854
18	19	ZV0LbCU3QSQ	44.411	UC7CEVQbvZ6-uy6TRH_c6scg	11	0.961668614899	0.0866116415854
55	56	almp1Eo1LO0	576.409	UC7CEVQbvZ6-uy6TRH_c6scg	11	0.811519645211	0.0866116415854
8	9	bsLG6JpGzWg	30.7974	UC7CEVQbvZ6-uy6TRH_c6scg	11	0.959925960736	0.0866116415854
9	10	bsLG6JpGzWg	14.5812	UC7CEVQbvZ6-uy6TRH_c6scg	11	0.813735842804	0.0866116415854
10	11	bsLG6JpGzWg	10.9443	UC7CEVQbvZ6-uy6TRH_c6scg	11	0.806224705673	0.0866116415854
1	2	cF4yvjbQgL0	29.3627	UC7CEVQbvZ6-uy6TRH_c6scg	11	0.921795697992	0.0866116415854
14	15	d9EUOkCt1aU	44.411	UC7CEVQbvZ6-uy6TRH_c6scg	11	0.994805716799	0.0866116415854
21	22	e_lgoIriXf8	41.7751	UC7CEVQbvZ6-uy6TRH_c6scg	11	1.0	0.0866116415854
20	21	g7iLJqafwzk	42.6426	UC7CEVQbvZ6-uy6TRH_c6scg	11	0.959760807899	0.0866116415854
11	12	gg33UczgsUI	39.1057	UC7CEVQbvZ6-uy6TRH_c6scg	11	0.945023090851	0.0866116415854
48	49	mX10Ifcg3tk	60.2602	UC7CEVQbvZ6-uy6TRH_c6scg	11	1.0	0.0866116415854
49	50	mX10Ifcg3tk	67.5675	UC7CEVQbvZ6-uy6TRH_c6scg	11	1.0	0.0866116415854
50	51	mX10Ifcg3tk	89.089	UC7CEVQbvZ6-uy6TRH_c6scg	11	1.0	0.0866116415854
33	34	y9LqQMSZ0zU	48.1481	UC7CEVQbvZ6-uy6TRH_c6scg	11	1.0	0.0866116415854
251	252	5qwPM7N2ekA	332.432	UC8aTvyjY38Qf5rS1xBOWI3w	40	0.854714514101	0.143122927246
264	265	Af5jV9lZJAc	418.084	UC8aTvyjY38Qf5rS1xBOWI3w	20	0.906616832615	0.143959570527
265	266	Af5jV9lZJAc	476.843	UC8aTvyjY38Qf5rS1xBOWI3w	40	0.948169300895	0.143122927246
266	267	PXwYJmd_iTg	355.255	UC8aTvyjY38Qf5rS1xBOWI3w	40	0.952961510142	0.143122927246
280	281	QqeDeD1v34c	23.6679	UC8aTvyjY38Qf5rS1xBOWI3w	40	0.779497337359	0.143122927246
257	258	UIc8aK4WsN4	457.057	UC8aTvyjY38Qf5rS1xBOWI3w	40	1.0	0.143122927246
252	253	jcB_Q7uVr78	95.462	UC8aTvyjY38Qf5rS1xBOWI3w	40	0.962878382879	0.143122927246
258	259	wpcfugXwWFQ	105.539	UC8aTvyjY38Qf5rS1xBOWI3w	20	0.748685562464	0.143959570527
260	261	wpcfugXwWFQ	221.755	UC8aTvyjY38Qf5rS1xBOWI3w	40	1.0	0.143122927246
742	743	395DPCLQfQw	62.3623	UCB826yhc1dm8-MEX1x55yAQ	13	0.951323725086	0.230707398019
770	771	5yZgm-IhG0A	43.6436	UCB826yhc1dm8-MEX1x55yAQ	13	0.859669695038	0.230707398019
806	807	EOyfUb8ikoo	57.8912	UCB826yhc1dm8-MEX1x55yAQ	13	0.88548783654	0.230707398019
811	812	FpxLIqmFWfY	103.403	UCB826yhc1dm8-MEX1x55yAQ	13	1.0	0.230707398019
832	833	PhEWVXntA4I	32.9996	UCB826yhc1dm8-MEX1x55yAQ	13	0.874262258873	0.230707398019
831	832	PxYHFVzfuS0	78.7787	UCB826yhc1dm8-MEX1x55yAQ	13	0.973904343593	0.230707398019
847	848	QxrQ-GvV40c	86.7533	UCB826yhc1dm8-MEX1x55yAQ	13	0.912005336505	0.230707398019
840	841	YnGnGpqCVSQ	97.8978	UCB826yhc1dm8-MEX1x55yAQ	13	0.8364116972	0.230707398019
842	843	YnGnGpqCVSQ	10.644	UCB826yhc1dm8-MEX1x55yAQ	39	0.803269434548	0.125002573451
843	844	YnGnGpqCVSQ	10.6773	UCB826yhc1dm8-MEX1x55yAQ	12	0.840621421173	0.125803854115
844	845	YnGnGpqCVSQ	9.7097	UCB826yhc1dm8-MEX1x55yAQ	44	0.69404891133	0.19290619097
845	846	YnGnGpqCVSQ	10.6773	UCB826yhc1dm8-MEX1x55yAQ	44	1.0	0.19290619097
846	847	YnGnGpqCVSQ	11.6116	UCB826yhc1dm8-MEX1x55yAQ	24	0.628669300398	0.296836710586
807	808	dLtBXB6cn2I	112.446	UCB826yhc1dm8-MEX1x55yAQ	13	1.0	0.230707398019
808	809	hLWXWeqg4Ys	56.8234	UCB826yhc1dm8-MEX1x55yAQ	13	0.830908122381	0.230707398019
830	831	iydBohK2SjM	57.4908	UCB826yhc1dm8-MEX1x55yAQ	13	0.938196056967	0.230707398019
818	819	jaRwkLmGKsg	30.6306	UCB826yhc1dm8-MEX1x55yAQ	13	0.875393798271	0.230707398019
849	850	q7KN_Fr8yrk	393.326	UCB826yhc1dm8-MEX1x55yAQ	13	0.770125991238	0.230707398019
834	835	qXArEttSkwU	101.935	UCB826yhc1dm8-MEX1x55yAQ	13	0.849918302044	0.230707398019
838	839	rRivD2UvdgQ	152.652	UCB826yhc1dm8-MEX1x55yAQ	13	1.0	0.230707398019
839	840	rRivD2UvdgQ	13.8805	UCB826yhc1dm8-MEX1x55yAQ	13	0.761128468406	0.230707398019
836	837	t3vFeKqOAyU	110.41	UCB826yhc1dm8-MEX1x55yAQ	13	0.959858122414	0.230707398019
377	378	9pugTn8WhHw	331.097	UCEbv-pDOAaKEwfIAZw63JsQ	21	0.9153515759	0.146555722699
495	496	A4uePrJ1bGk	4123.6	UCEbv-pDOAaKEwfIAZw63JsQ	1	0.795895318647	0.0917385948786
496	497	A4uePrJ1bGk	4209.34	UCEbv-pDOAaKEwfIAZw63JsQ	21	0.908619677803	0.146555722699
385	386	C0WaAJTA2fc	482.215	UCEbv-pDOAaKEwfIAZw63JsQ	21	1.0	0.146555722699
384	385	Hi4e40e1-cg	368.969	UCEbv-pDOAaKEwfIAZw63JsQ	21	1.0	0.146555722699
373	374	PCGdBb8g87k	73.1064	UCEbv-pDOAaKEwfIAZw63JsQ	21	0.991559378901	0.146555722699
397	398	Q4WWY0LpfRY	95.8624	UCEbv-pDOAaKEwfIAZw63JsQ	21	0.969759407828	0.146555722699
394	395	XrTHuXXx0hw	217.951	UCEbv-pDOAaKEwfIAZw63JsQ	21	0.943541057646	0.146555722699
402	403	_AEdiP5JiZM	60.2602	UCEbv-pDOAaKEwfIAZw63JsQ	21	0.890435747837	0.146555722699
395	396	dLRQJYJ7hIs	166.366	UCEbv-pDOAaKEwfIAZw63JsQ	21	1.0	0.146555722699
396	397	dLRQJYJ7hIs	167.367	UCEbv-pDOAaKEwfIAZw63JsQ	21	0.943642018953	0.146555722699
151	152	-INOYZ5liIM	62.6594	UCFN_n9FTABlwDsB1ncWUBMQ	19	1.0	0.187858400515
152	153	-INOYZ5liIM	51.4129	UCFN_n9FTABlwDsB1ncWUBMQ	19	1.0	0.187858400515
130	131	Fobcg-lzLiQ	21.5224	UCFN_n9FTABlwDsB1ncWUBMQ	19	0.898201654989	0.187858400515
131	132	Fobcg-lzLiQ	21.3885	UCFN_n9FTABlwDsB1ncWUBMQ	19	0.849679290315	0.187858400515
132	133	Fobcg-lzLiQ	11.7152	UCFN_n9FTABlwDsB1ncWUBMQ	19	0.792003436042	0.187858400515
202	203	HFnARO22HgM	324.262	UCFN_n9FTABlwDsB1ncWUBMQ	19	0.835466915792	0.187858400515
162	163	HkpqUeqRkQs	167.276	UCFN_n9FTABlwDsB1ncWUBMQ	19	0.926202309477	0.187858400515
159	160	KW19GuAX9P8	31.2944	UCFN_n9FTABlwDsB1ncWUBMQ	19	1.0	0.187858400515
160	161	KW19GuAX9P8	30.6919	UCFN_n9FTABlwDsB1ncWUBMQ	19	0.926202309477	0.187858400515
149	150	UmLtGlCHqJM	65.6784	UCFN_n9FTABlwDsB1ncWUBMQ	19	0.936962403954	0.187858400515
165	166	YdJ9oDUipgk	8.66912	UCFN_n9FTABlwDsB1ncWUBMQ	19	1.0	0.187858400515
166	167	YdJ9oDUipgk	88.8668	UCFN_n9FTABlwDsB1ncWUBMQ	19	1.0	0.187858400515
167	168	YdJ9oDUipgk	8.70259	UCFN_n9FTABlwDsB1ncWUBMQ	19	0.911785238486	0.187858400515
144	145	cWa3a8DbJ0A	165.472	UCFN_n9FTABlwDsB1ncWUBMQ	19	0.92648515004	0.187858400515
155	156	k0ndRUXNyDM	50.9825	UCFN_n9FTABlwDsB1ncWUBMQ	19	1.0	0.187858400515
515	516	-8w7uwhi9uw	128.929	UCFOEjz0jo07W8bpEHomEgHg	39	0.770234289013	0.125002573451
516	517	-8w7uwhi9uw	70.5371	UCFOEjz0jo07W8bpEHomEgHg	39	0.822176124617	0.125002573451
508	509	-GEdGdVnvH8	359.492	UCFOEjz0jo07W8bpEHomEgHg	39	1.0	0.125002573451
509	510	-GEdGdVnvH8	88.5885	UCFOEjz0jo07W8bpEHomEgHg	39	0.731612863341	0.125002573451
525	526	5002Ic7nSe0	168.168	UCFOEjz0jo07W8bpEHomEgHg	39	0.905188971008	0.125002573451
513	514	667uThulND8	9.7097	UCFOEjz0jo07W8bpEHomEgHg	39	0.759413526792	0.125002573451
514	515	667uThulND8	199.566	UCFOEjz0jo07W8bpEHomEgHg	39	0.852535568283	0.125002573451
531	532	B2BcUxh5SyU	23.5235	UCFOEjz0jo07W8bpEHomEgHg	39	0.677937598702	0.125002573451
532	533	B2BcUxh5SyU	251.585	UCFOEjz0jo07W8bpEHomEgHg	39	0.917875392576	0.125002573451
537	538	KVGQQNQ97Qc	235.102	UCFOEjz0jo07W8bpEHomEgHg	39	0.897485427061	0.125002573451
545	546	NnUXSbPq6DU	360.227	UCFOEjz0jo07W8bpEHomEgHg	39	0.992796199822	0.125002573451
547	548	RJLpPDJDs4Q	9.54287	UCFOEjz0jo07W8bpEHomEgHg	39	0.744143795861	0.125002573451
548	549	RJLpPDJDs4Q	37.2038	UCFOEjz0jo07W8bpEHomEgHg	39	0.783711500855	0.125002573451
549	550	RJLpPDJDs4Q	247.581	UCFOEjz0jo07W8bpEHomEgHg	39	0.925745996323	0.125002573451
534	535	RyMZcq2PNPk	3.83717	UCFOEjz0jo07W8bpEHomEgHg	39	0.77170324821	0.125002573451
536	537	RyMZcq2PNPk	55.7557	UCFOEjz0jo07W8bpEHomEgHg	39	0.749199231616	0.125002573451
552	553	W2MJHkK7lcQ	47.1471	UCFOEjz0jo07W8bpEHomEgHg	39	0.783711500855	0.125002573451
553	554	W2MJHkK7lcQ	165.365	UCFOEjz0jo07W8bpEHomEgHg	39	0.860610330467	0.125002573451
540	541	XY9IZKTs3vw	248.749	UCFOEjz0jo07W8bpEHomEgHg	39	0.840896456405	0.125002573451
519	520	aEI-szvexhU	341.975	UCFOEjz0jo07W8bpEHomEgHg	39	0.875238222972	0.125002573451
517	518	earXfvWlHeE	288.121	UCFOEjz0jo07W8bpEHomEgHg	39	0.807998077804	0.125002573451
527	528	pW8yVWV51uU	278.478	UCFOEjz0jo07W8bpEHomEgHg	39	1.0	0.125002573451
528	529	vmdVQZmsH3w	324.524	UCFOEjz0jo07W8bpEHomEgHg	39	0.756382917696	0.125002573451
529	530	vmdVQZmsH3w	29.3627	UCFOEjz0jo07W8bpEHomEgHg	12	0.778225259167	0.125803854115
362	363	2A05w8rYSVE	413.713	UCGzDZn8uoXFz0-HyipnaWnw	26	0.935906062336	0.259870126324
359	360	BupEyfVxLRA	270.57	UCGzDZn8uoXFz0-HyipnaWnw	26	0.977020744932	0.259870126324
338	339	D1g0501pm3o	105.872	UCGzDZn8uoXFz0-HyipnaWnw	26	0.808421276222	0.259870126324
360	361	ER2Idvi2Xc4	220.487	UCGzDZn8uoXFz0-HyipnaWnw	26	1.0	0.259870126324
363	364	Ec_yt6qVMQI	345.845	UCGzDZn8uoXFz0-HyipnaWnw	26	0.937444354296	0.259870126324
352	353	RdbOMula7mM	24.5912	UCGzDZn8uoXFz0-HyipnaWnw	26	0.859939309657	0.259870126324
365	366	UsCVUOaZvYs	226.693	UCGzDZn8uoXFz0-HyipnaWnw	26	0.986253692495	0.259870126324
337	338	aKKxmZNB9JU	82.2488	UCGzDZn8uoXFz0-HyipnaWnw	26	0.93393459235	0.259870126324
343	344	knr4rxblV_8	37.7377	UCGzDZn8uoXFz0-HyipnaWnw	26	0.836822635405	0.259870126324
375	376	lUC84KypwD8	635.301	UCGzDZn8uoXFz0-HyipnaWnw	26	1.0	0.259870126324
376	377	lUC84KypwD8	100.734	UCGzDZn8uoXFz0-HyipnaWnw	26	0.607288167686	0.259870126324
372	373	svwRUYj2F8w	198.498	UCGzDZn8uoXFz0-HyipnaWnw	26	0.922720346909	0.259870126324
768	769	6_Je_UImW1o	29.7631	UCIVFEaKHBomhznMRX2aiQEQ	10	0.874509163171	0.095667952104
769	770	6_Je_UImW1o	31.7651	UCIVFEaKHBomhznMRX2aiQEQ	10	1.0	0.095667952104
731	732	CG2rsv2Hgos	21.7899	UCIVFEaKHBomhznMRX2aiQEQ	10	0.84812347476	0.095667952104
733	734	CG2rsv2Hgos	79.6015	UCIVFEaKHBomhznMRX2aiQEQ	31	0.927718664954	0.0803710868746
739	740	HT-cvmZXj5g	29.7964	UCIVFEaKHBomhznMRX2aiQEQ	31	0.896984072618	0.0803710868746
740	741	HT-cvmZXj5g	110.177	UCIVFEaKHBomhznMRX2aiQEQ	10	1.0	0.095667952104
797	798	IwJYen9pIa4	358.42	UCIVFEaKHBomhznMRX2aiQEQ	10	0.997143608698	0.095667952104
798	799	IwJYen9pIa4	354.479	UCIVFEaKHBomhznMRX2aiQEQ	31	1.0	0.0803710868746
762	763	dvUrPh9RAHw	375.831	UCIVFEaKHBomhznMRX2aiQEQ	10	1.0	0.095667952104
745	746	kByHayr2tpU	33.5737	UCIVFEaKHBomhznMRX2aiQEQ	31	1.0	0.0803710868746
820	821	oJ0zV-ij18s	17.6907	UCIVFEaKHBomhznMRX2aiQEQ	31	0.832307126351	0.0803710868746
822	823	oJ0zV-ij18s	241.598	UCIVFEaKHBomhznMRX2aiQEQ	10	1.0	0.095667952104
824	825	oJ0zV-ij18s	96.9769	UCIVFEaKHBomhznMRX2aiQEQ	31	0.929659592214	0.0803710868746
815	816	rVmhC8dyjng	301.257	UCIVFEaKHBomhznMRX2aiQEQ	31	0.900414987554	0.0803710868746
816	817	rVmhC8dyjng	291.166	UCIVFEaKHBomhznMRX2aiQEQ	10	1.0	0.095667952104
758	759	tOrqSUBdKCo	81.5417	UCIVFEaKHBomhznMRX2aiQEQ	10	0.925131994204	0.095667952104
813	814	uYuwBkWPCRQ	682.085	UCIVFEaKHBomhznMRX2aiQEQ	31	0.814737087021	0.0803710868746
814	815	uYuwBkWPCRQ	659.932	UCIVFEaKHBomhznMRX2aiQEQ	10	0.843646383195	0.095667952104
286	287	98f54-WaGi0	836.135	UCW-NL7CT8lQcJz843AAwtZQ	32	1.0	0.163802672408
267	268	H_JRrIpB_pA	278.879	UCW-NL7CT8lQcJz843AAwtZQ	32	0.813493376151	0.163802672408
278	279	JJjMymOQZWI	361.494	UCW-NL7CT8lQcJz843AAwtZQ	32	0.79553921527	0.163802672408
293	294	W6UnPNOW4zs	75.9092	UCW-NL7CT8lQcJz843AAwtZQ	9	0.874992148935	0.133632693598
295	296	W6UnPNOW4zs	407.908	UCW-NL7CT8lQcJz843AAwtZQ	32	0.926963217509	0.163802672408
307	308	Z9xT4Lw4YvQ	399.032	UCW-NL7CT8lQcJz843AAwtZQ	32	1.0	0.163802672408
308	309	Z9xT4Lw4YvQ	71.8051	UCW-NL7CT8lQcJz843AAwtZQ	30	0.712425885203	0.112005369102
292	293	_80emZkgKpI	278.845	UCW-NL7CT8lQcJz843AAwtZQ	1	1.0	0.0917385948786
294	295	_80emZkgKpI	283.183	UCW-NL7CT8lQcJz843AAwtZQ	32	0.922548329701	0.163802672408
297	298	_80emZkgKpI	228.495	UCW-NL7CT8lQcJz843AAwtZQ	30	0.954408886777	0.112005369102
300	301	nYAD1hA9EWk	400.7	UCW-NL7CT8lQcJz843AAwtZQ	1	1.0	0.0917385948786
301	302	nYAD1hA9EWk	397.631	UCW-NL7CT8lQcJz843AAwtZQ	32	0.996964848005	0.163802672408
302	303	nYAD1hA9EWk	61.2278	UCW-NL7CT8lQcJz843AAwtZQ	9	0.980615902341	0.133632693598
283	284	rDUSnEokd5s	467.2	UCW-NL7CT8lQcJz843AAwtZQ	32	0.976167204261	0.163802672408
690	691	1q2xNJlSNyk	100.334	UCbxeWUKWro8bMscsa36-BtA	17	1.0	0.122205491104
691	692	1q2xNJlSNyk	16.7834	UCbxeWUKWro8bMscsa36-BtA	17	1.0	0.122205491104
699	700	2GeIU_QybFg	177.511	UCbxeWUKWro8bMscsa36-BtA	17	0.901626149959	0.122205491104
692	693	2xoxCVOZwas	466.666	UCbxeWUKWro8bMscsa36-BtA	17	0.944873136434	0.122205491104
685	686	4Qz9G0Ny7tU	16.7834	UCbxeWUKWro8bMscsa36-BtA	17	0.795742039516	0.122205491104
693	694	8L9LD22budg	140.374	UCbxeWUKWro8bMscsa36-BtA	17	1.0	0.122205491104
696	697	8ZVzpzTIUjs	235.769	UCbxeWUKWro8bMscsa36-BtA	17	0.980702416123	0.122205491104
715	716	B18Yur2bvkI	147.714	UCbxeWUKWro8bMscsa36-BtA	17	0.943878751375	0.122205491104
717	718	C8tlm_j_Xbg	326.56	UCbxeWUKWro8bMscsa36-BtA	17	1.0	0.122205491104
723	724	F5JbvB2qd_I	305.805	UCbxeWUKWro8bMscsa36-BtA	17	1.0	0.122205491104
712	713	H4zeaoDEzgU	186.987	UCbxeWUKWro8bMscsa36-BtA	17	0.992251004535	0.122205491104
720	721	HbvPR2ipKwU	47.1137	UCbxeWUKWro8bMscsa36-BtA	18	0.739534668368	0.073884145998
721	722	HbvPR2ipKwU	186.019	UCbxeWUKWro8bMscsa36-BtA	17	0.944294629539	0.122205491104
726	727	J4jirMoR7X4	193.193	UCbxeWUKWro8bMscsa36-BtA	17	1.0	0.122205491104
760	761	LIqDkHoshBk	103.937	UCbxeWUKWro8bMscsa36-BtA	17	0.941012749709	0.122205491104
722	723	Lha914AL56E	37.3373	UCbxeWUKWro8bMscsa36-BtA	17	1.0	0.122205491104
728	729	OUE8nkHEwlo	121.255	UCbxeWUKWro8bMscsa36-BtA	17	0.905545138876	0.122205491104
737	738	WNA04ZgltEo	337.571	UCbxeWUKWro8bMscsa36-BtA	17	0.962141340984	0.122205491104
778	779	WrqsfV9Hiwk	122.322	UCbxeWUKWro8bMscsa36-BtA	17	0.955787376163	0.122205491104
805	806	XKOwncyuNu0	43.4768	UCbxeWUKWro8bMscsa36-BtA	17	1.0	0.122205491104
756	757	XyAPKdvKWhY	103.904	UCbxeWUKWro8bMscsa36-BtA	17	0.968874359061	0.122205491104
695	696	fSRJJb3LgUs	122.089	UCbxeWUKWro8bMscsa36-BtA	17	0.910005042595	0.122205491104
730	731	nNSHkRgWE_M	279.579	UCbxeWUKWro8bMscsa36-BtA	17	1.0	0.122205491104
736	737	qCD3CA1jIBw	315.982	UCbxeWUKWro8bMscsa36-BtA	17	1.0	0.122205491104
746	747	riPptnaMRe8	209.643	UCbxeWUKWro8bMscsa36-BtA	17	0.963984872166	0.122205491104
752	753	tFvm_aEzEe0	148.081	UCbxeWUKWro8bMscsa36-BtA	17	0.973899068068	0.122205491104
829	830	uADTIg1FIxM	276.143	UCbxeWUKWro8bMscsa36-BtA	17	0.852057321885	0.122205491104
562	563	6GuCgWGkYQg	13.2215	UCdMdGdabsaWIzSbmE1phGBQ	25	0.810439712117	0.0950754369792
563	564	6GuCgWGkYQg	13.0547	UCdMdGdabsaWIzSbmE1phGBQ	25	0.982366893725	0.0950754369792
635	636	BfYMebQS5lU	514.948	UCdMdGdabsaWIzSbmE1phGBQ	25	1.0	0.0950754369792
632	633	KXeM4aWWLDU	63.3299	UCdMdGdabsaWIzSbmE1phGBQ	25	0.808891610092	0.0950754369792
601	602	N3jg9JsMPRU	20.5205	UCdMdGdabsaWIzSbmE1phGBQ	25	0.900717369499	0.0950754369792
586	587	NKHJg-P4m2A	9.17583	UCdMdGdabsaWIzSbmE1phGBQ	24	0.679164955756	0.296836710586
618	619	PcRkWLoM7Io	13.9139	UCdMdGdabsaWIzSbmE1phGBQ	25	0.758530755623	0.0950754369792
620	621	PcRkWLoM7Io	25.5255	UCdMdGdabsaWIzSbmE1phGBQ	25	1.0	0.0950754369792
647	648	R8v-jXyGKV8	116.617	UCdMdGdabsaWIzSbmE1phGBQ	25	0.853392780453	0.0950754369792
651	652	R8v-jXyGKV8	40.2402	UCdMdGdabsaWIzSbmE1phGBQ	18	0.733149280864	0.073884145998
668	669	R_KvD57QELw	126.627	UCdMdGdabsaWIzSbmE1phGBQ	25	0.945047626698	0.0950754369792
644	645	o9NtLP901U0	504.437	UCdMdGdabsaWIzSbmE1phGBQ	25	0.773773407064	0.0950754369792
642	643	pzP3K6pGsTc	157.09	UCdMdGdabsaWIzSbmE1phGBQ	25	0.807913307317	0.0950754369792
677	678	vitAlSupvjo	104.271	UCdMdGdabsaWIzSbmE1phGBQ	25	0.897302970814	0.0950754369792
679	680	xPDP7k5uWXM	339.506	UCdMdGdabsaWIzSbmE1phGBQ	25	1.0	0.0950754369792
147	148	2cUYtO6LSEc	45.6456	UCfYZRHQWV-evwn5kzQsK2Gg	24	0.898606707832	0.296836710586
178	179	4M_zgvhibug	567.567	UCfYZRHQWV-evwn5kzQsK2Gg	24	0.859599749074	0.296836710586
148	149	71A6NP58V44	74.6079	UCfYZRHQWV-evwn5kzQsK2Gg	24	0.899469234221	0.296836710586
153	154	9n-FF9L9xtg	50.6172	UCfYZRHQWV-evwn5kzQsK2Gg	24	1.0	0.296836710586
156	157	CewT_DtQuXQ	51.1511	UCfYZRHQWV-evwn5kzQsK2Gg	24	1.0	0.296836710586
168	169	DFxgP-_tcEw	6.07273	UCfYZRHQWV-evwn5kzQsK2Gg	12	0.751200224834	0.125803854115
173	174	DFxgP-_tcEw	26.4931	UCfYZRHQWV-evwn5kzQsK2Gg	24	0.559410365236	0.296836710586
174	175	DFxgP-_tcEw	13.7471	UCfYZRHQWV-evwn5kzQsK2Gg	24	0.542936945353	0.296836710586
175	176	DsfD0xgNwc8	90.0233	UCfYZRHQWV-evwn5kzQsK2Gg	24	0.845300400725	0.296836710586
176	177	GYsgLFZgd94	78.2448	UCfYZRHQWV-evwn5kzQsK2Gg	24	0.607084771007	0.296836710586
188	189	OZcotJaPDSw	8.04137	UCfYZRHQWV-evwn5kzQsK2Gg	39	0.773810465873	0.125002573451
189	190	OZcotJaPDSw	8.04137	UCfYZRHQWV-evwn5kzQsK2Gg	12	0.811803396141	0.125803854115
190	191	OZcotJaPDSw	8.04137	UCfYZRHQWV-evwn5kzQsK2Gg	44	1.0	0.19290619097
191	192	OZcotJaPDSw	6.97363	UCfYZRHQWV-evwn5kzQsK2Gg	44	0.67147224415	0.19290619097
193	194	OZcotJaPDSw	9.64297	UCfYZRHQWV-evwn5kzQsK2Gg	24	0.577146844326	0.296836710586
194	195	OZcotJaPDSw	56.1561	UCfYZRHQWV-evwn5kzQsK2Gg	24	0.883569784043	0.296836710586
200	201	Oj9OKfncYZk	179.246	UCfYZRHQWV-evwn5kzQsK2Gg	24	0.902471067079	0.296836710586
185	186	PbGNuVm_GMA	63.8304	UCfYZRHQWV-evwn5kzQsK2Gg	24	0.847087526852	0.296836710586
198	199	UupXYmByQTE	67.2005	UCfYZRHQWV-evwn5kzQsK2Gg	24	0.903471472239	0.296836710586
184	185	ehgjVVtGe0c	68.9689	UCfYZRHQWV-evwn5kzQsK2Gg	24	0.966680471235	0.296836710586
182	183	k4pEkTHbQW0	62.3957	UCfYZRHQWV-evwn5kzQsK2Gg	24	0.972107734249	0.296836710586
179	180	l0GOey0l-Is	52.5525	UCfYZRHQWV-evwn5kzQsK2Gg	24	0.915974338273	0.296836710586
186	187	mdMjMwVx64U	9.9099	UCfYZRHQWV-evwn5kzQsK2Gg	24	0.577146844326	0.296836710586
187	188	mdMjMwVx64U	124.124	UCfYZRHQWV-evwn5kzQsK2Gg	24	0.876370491224	0.296836710586
228	229	rFWF8_1vjQA	697.196	UCfYZRHQWV-evwn5kzQsK2Gg	24	0.54420847432	0.296836710586
229	230	rFWF8_1vjQA	58.8254	UCfYZRHQWV-evwn5kzQsK2Gg	11	0.895921666386	0.0866116415854
234	235	rFWF8_1vjQA	15.382	UCfYZRHQWV-evwn5kzQsK2Gg	16	0.759947014137	0.102611131387
246	247	rFWF8_1vjQA	24.5245	UCfYZRHQWV-evwn5kzQsK2Gg	20	0.719234288694	0.143959570527
247	248	rFWF8_1vjQA	30.6973	UCfYZRHQWV-evwn5kzQsK2Gg	39	0.791302133771	0.125002573451
199	200	y3lgrCiWIxI	66.066	UCfYZRHQWV-evwn5kzQsK2Gg	24	1.0	0.296836710586
82	83	8YQ7-H6jtk4	3.4034	UCjTVNkbx5megxlnl1spy2jg	40	0.878575319133	0.143122927246
97	98	8YQ7-H6jtk4	623.223	UCjTVNkbx5megxlnl1spy2jg	23	0.869277266596	0.0882255088507
99	100	8YQ7-H6jtk4	5.83917	UCjTVNkbx5megxlnl1spy2jg	22	1.0	0.052136597118
100	101	8YQ7-H6jtk4	5.83917	UCjTVNkbx5megxlnl1spy2jg	22	1.0	0.052136597118
101	102	8YQ7-H6jtk4	5.83917	UCjTVNkbx5megxlnl1spy2jg	22	1.0	0.052136597118
108	109	QwkzJSrVaXA	209.676	UCjTVNkbx5megxlnl1spy2jg	23	0.884794666306	0.0882255088507
110	111	W-q-KQZUcYk	334.334	UCjTVNkbx5megxlnl1spy2jg	23	0.88368231077	0.0882255088507
61	62	Z0FujJwvLQI	21.5549	UCjTVNkbx5megxlnl1spy2jg	33	0.960263098	0.13700870147
67	68	j1hXMq_hOL8	553.887	UCjTVNkbx5megxlnl1spy2jg	23	0.960024323659	0.0882255088507
51	52	jIan9sdwD2Q	522.165	UCjTVNkbx5megxlnl1spy2jg	23	0.800130295735	0.0882255088507
105	106	qPyjSxy_gzw	405.739	UCjTVNkbx5megxlnl1spy2jg	23	0.855934783466	0.0882255088507
53	54	qgp9uzPvLAY	197.097	UCjTVNkbx5megxlnl1spy2jg	23	0.836651214083	0.0882255088507
86	87	u_VC0qVd6Kc	3.47013	UCjTVNkbx5megxlnl1spy2jg	23	0.89437130249	0.0882255088507
89	90	u_VC0qVd6Kc	6.13947	UCjTVNkbx5megxlnl1spy2jg	23	1.0	0.0882255088507
92	93	u_VC0qVd6Kc	9.04237	UCjTVNkbx5megxlnl1spy2jg	23	0.903925870622	0.0882255088507
94	95	u_VC0qVd6Kc	6.53987	UCjTVNkbx5megxlnl1spy2jg	23	1.0	0.0882255088507
95	96	u_VC0qVd6Kc	3.77043	UCjTVNkbx5megxlnl1spy2jg	23	0.804936980567	0.0882255088507
96	97	u_VC0qVd6Kc	4.97163	UCjTVNkbx5megxlnl1spy2jg	23	0.897733202227	0.0882255088507
98	99	u_VC0qVd6Kc	4.4044	UCjTVNkbx5megxlnl1spy2jg	23	0.757540816664	0.0882255088507
443	444	-4UFB0CBrFI	201.607	UCl0mpynmsGpbrJn98xlZGWQ	18	0.837379781512	0.073884145998
444	445	-4UFB0CBrFI	206.733	UCl0mpynmsGpbrJn98xlZGWQ	16	0.883843565912	0.102611131387
457	458	-Lrv7jtAcOc	508.042	UCl0mpynmsGpbrJn98xlZGWQ	16	1.0	0.102611131387
458	459	-Lrv7jtAcOc	453.941	UCl0mpynmsGpbrJn98xlZGWQ	18	0.945221678781	0.073884145998
430	431	-kzcWbC55XY	334.453	UCl0mpynmsGpbrJn98xlZGWQ	18	0.912096519555	0.073884145998
431	432	-kzcWbC55XY	269.994	UCl0mpynmsGpbrJn98xlZGWQ	16	0.840617264602	0.102611131387
448	449	5fD7POSsiWY	152.757	UCl0mpynmsGpbrJn98xlZGWQ	16	0.981415549938	0.102611131387
449	450	5fD7POSsiWY	161.276	UCl0mpynmsGpbrJn98xlZGWQ	18	0.902118988486	0.073884145998
482	483	Qz1iBRpoa2I	372.84	UCl0mpynmsGpbrJn98xlZGWQ	18	1.0	0.073884145998
484	485	Qz1iBRpoa2I	318.706	UCl0mpynmsGpbrJn98xlZGWQ	16	0.914306009977	0.102611131387
474	475	ReyZZ8r1B-w	355.665	UCl0mpynmsGpbrJn98xlZGWQ	18	0.871682437622	0.073884145998
475	476	ReyZZ8r1B-w	440.59	UCl0mpynmsGpbrJn98xlZGWQ	16	0.974749426409	0.102611131387
428	429	bE6tZ72_ZM0	202.828	UCl0mpynmsGpbrJn98xlZGWQ	16	0.925935420608	0.102611131387
429	430	bE6tZ72_ZM0	117.139	UCl0mpynmsGpbrJn98xlZGWQ	18	0.781539000673	0.073884145998
463	464	bY6X_MqItZQ	42.6021	UCl0mpynmsGpbrJn98xlZGWQ	18	0.740410393996	0.073884145998
426	427	d-Z5Ters7IQ	71.1047	UCl0mpynmsGpbrJn98xlZGWQ	16	0.880257572188	0.102611131387
427	428	d-Z5Ters7IQ	92.2317	UCl0mpynmsGpbrJn98xlZGWQ	18	0.762612266783	0.073884145998
422	423	dSYQ9BWl8JM	42.0138	UCl0mpynmsGpbrJn98xlZGWQ	16	0.78493410487	0.102611131387
423	424	dSYQ9BWl8JM	18.3918	UCl0mpynmsGpbrJn98xlZGWQ	18	0.815907312023	0.073884145998
424	425	dSYQ9BWl8JM	18.2879	UCl0mpynmsGpbrJn98xlZGWQ	18	0.772025112153	0.073884145998
459	460	f3pGe-3s_jE	266.392	UCl0mpynmsGpbrJn98xlZGWQ	18	0.870338213274	0.073884145998
460	461	f3pGe-3s_jE	122.892	UCl0mpynmsGpbrJn98xlZGWQ	18	0.730729501479	0.073884145998
461	462	f3pGe-3s_jE	313.81	UCl0mpynmsGpbrJn98xlZGWQ	16	0.91130562617	0.102611131387
488	489	lu6riC9qqIk	608.853	UCl0mpynmsGpbrJn98xlZGWQ	18	0.863754867375	0.073884145998
489	490	lu6riC9qqIk	551.67	UCl0mpynmsGpbrJn98xlZGWQ	16	0.945510006172	0.102611131387
466	467	ppRySHDBCBM	212.031	UCl0mpynmsGpbrJn98xlZGWQ	18	0.982747472029	0.073884145998
467	468	ppRySHDBCBM	187.51	UCl0mpynmsGpbrJn98xlZGWQ	16	1.0	0.102611131387
452	453	r_fWq3aymvQ	157.56	UCl0mpynmsGpbrJn98xlZGWQ	16	0.91699330549	0.102611131387
453	454	r_fWq3aymvQ	136.986	UCl0mpynmsGpbrJn98xlZGWQ	18	0.914485893207	0.073884145998
454	455	r_fWq3aymvQ	87.1447	UCl0mpynmsGpbrJn98xlZGWQ	18	0.739534668368	0.073884145998
418	419	rlhHsABogKA	23.4108	UCl0mpynmsGpbrJn98xlZGWQ	16	0.868993060375	0.102611131387
419	420	rlhHsABogKA	14.8569	UCl0mpynmsGpbrJn98xlZGWQ	18	0.759485493422	0.073884145998
490	491	v8VAKxFW1mQ	449.449	UCl0mpynmsGpbrJn98xlZGWQ	18	0.879267672739	0.073884145998
491	492	v8VAKxFW1mQ	458.258	UCl0mpynmsGpbrJn98xlZGWQ	16	1.0	0.102611131387
470	471	x9KYLLEIIbo	168.909	UCl0mpynmsGpbrJn98xlZGWQ	16	0.970092135516	0.102611131387
471	472	x9KYLLEIIbo	172.65	UCl0mpynmsGpbrJn98xlZGWQ	18	1.0	0.073884145998
446	447	xrPT4Z4kps8	23.687	UCl0mpynmsGpbrJn98xlZGWQ	18	0.760500597602	0.073884145998
447	448	xrPT4Z4kps8	6.47582	UCl0mpynmsGpbrJn98xlZGWQ	18	0.838193809288	0.073884145998
36	37	-YCJOI3u1Gk	194.895	UCnfUCP_4nSws4KUI4Nkdaig	20	0.964848964439	0.143959570527
72	73	aHCsK3av2qc	99.466	UCnfUCP_4nSws4KUI4Nkdaig	20	1.0	0.143959570527
37	38	eeMdxxtOpAg	302.802	UCnfUCP_4nSws4KUI4Nkdaig	20	0.955804084094	0.143959570527
38	39	me7wa2u0PhY	214.915	UCnfUCP_4nSws4KUI4Nkdaig	20	0.961065435373	0.143959570527
43	44	rCAhE2kC5_o	279.846	UCnfUCP_4nSws4KUI4Nkdaig	40	0.949789699392	0.143122927246
45	46	rCAhE2kC5_o	177.544	UCnfUCP_4nSws4KUI4Nkdaig	20	1.0	0.143959570527
46	47	yuRDsGzm-Sc	397.697	UCnfUCP_4nSws4KUI4Nkdaig	40	0.97384700774	0.143122927246
47	48	yuRDsGzm-Sc	209.843	UCnfUCP_4nSws4KUI4Nkdaig	20	1.0	0.143959570527
208	209	CPytGM36EmE	1.5015	UCnsZ4GPxvLUmadQuxwXxaHw	2	0.716014265468	0.175459379081
212	213	CPytGM36EmE	37.6376	UCnsZ4GPxvLUmadQuxwXxaHw	2	0.929829168277	0.175459379081
218	219	DgE1G4pFxT8	347.047	UCnsZ4GPxvLUmadQuxwXxaHw	2	1.0	0.175459379081
205	206	EIgDQvYrERY	272.806	UCnsZ4GPxvLUmadQuxwXxaHw	2	0.981185532277	0.175459379081
221	222	FVdQhPaTqyk	212.045	UCnsZ4GPxvLUmadQuxwXxaHw	2	1.0	0.175459379081
222	223	FVdQhPaTqyk	19.1191	UCnsZ4GPxvLUmadQuxwXxaHw	2	0.707067601109	0.175459379081
249	250	KzPYdiCBHSY	264.998	UCnsZ4GPxvLUmadQuxwXxaHw	2	0.850610700923	0.175459379081
248	249	ZLf5jT2ovcs	220.053	UCnsZ4GPxvLUmadQuxwXxaHw	2	0.888192789213	0.175459379081
216	217	Z_I8Y8p7AyM	80.2135	UCnsZ4GPxvLUmadQuxwXxaHw	2	0.820106429062	0.175459379081
223	224	kSvbp148sbs	450.817	UCnsZ4GPxvLUmadQuxwXxaHw	2	0.948619422777	0.175459379081
225	226	pJGIrlts0h8	249.816	UCnsZ4GPxvLUmadQuxwXxaHw	2	1.0	0.175459379081
314	315	9jr2R5B2vJE	151.852	UCxK8FgwjHujWeRj4aJOErgw	28	0.740972847764	0.287964809943
322	323	HvpOXTGDRSY	517.083	UCxK8FgwjHujWeRj4aJOErgw	28	0.949401201871	0.287964809943
329	330	LJFtKEtDoq0	446.546	UCxK8FgwjHujWeRj4aJOErgw	28	0.960869284292	0.287964809943
346	347	LPSmi0Eu0cs	597.764	UCxK8FgwjHujWeRj4aJOErgw	28	0.97200082069	0.287964809943
333	334	Tx7wjVPbyb8	0.6006	UCxK8FgwjHujWeRj4aJOErgw	44	0.897468159351	0.19290619097
334	335	Tx7wjVPbyb8	120.387	UCxK8FgwjHujWeRj4aJOErgw	28	1.0	0.287964809943
316	317	eJWSSaLkYa4	167.567	UCxK8FgwjHujWeRj4aJOErgw	28	0.970615294464	0.287964809943
311	312	jRm_Mxi92to	37.7711	UCxK8FgwjHujWeRj4aJOErgw	28	0.811266876629	0.287964809943
335	336	jw2GIOb6UPc	490.19	UCxK8FgwjHujWeRj4aJOErgw	28	1.0	0.287964809943
331	332	kltjzqFDQw8	560.093	UCxK8FgwjHujWeRj4aJOErgw	28	0.930167214854	0.287964809943
349	350	p_0tEafIC4U	21.8552	UCxK8FgwjHujWeRj4aJOErgw	28	0.640618406241	0.287964809943
350	351	p_0tEafIC4U	504.304	UCxK8FgwjHujWeRj4aJOErgw	28	0.945044036774	0.287964809943
351	352	p_0tEafIC4U	13.7137	UCxK8FgwjHujWeRj4aJOErgw	28	0.676968697345	0.287964809943
325	326	qH3f75vmJnw	116.583	UCxK8FgwjHujWeRj4aJOErgw	28	0.767989074269	0.287964809943
341	342	r-WdSBpB384	68.7687	UCxK8FgwjHujWeRj4aJOErgw	28	0.860003300716	0.287964809943
357	358	s8Tp1fRbGv0	597.197	UCxK8FgwjHujWeRj4aJOErgw	28	0.999661955964	0.287964809943
368	369	ujuavyc4RN8	16.2162	UCxK8FgwjHujWeRj4aJOErgw	28	0.800327629057	0.287964809943
369	370	ujuavyc4RN8	10.5105	UCxK8FgwjHujWeRj4aJOErgw	28	0.774627105706	0.287964809943
370	371	ujuavyc4RN8	286.319	UCxK8FgwjHujWeRj4aJOErgw	28	0.97562884982	0.287964809943
371	372	ujuavyc4RN8	1.13447	UCxK8FgwjHujWeRj4aJOErgw	28	0.872373745659	0.287964809943
354	355	wlvgdDJNrbg	219.686	UCxK8FgwjHujWeRj4aJOErgw	28	0.978362757859	0.287964809943
344	345	yJoZkDU7S5c	76.6432	UCxK8FgwjHujWeRj4aJOErgw	28	0.983993490332	0.287964809943
345	346	yJoZkDU7S5c	8.67533	UCxK8FgwjHujWeRj4aJOErgw	28	0.715829727864	0.287964809943
378	379	64AiD8g3EuM	173.373	UCxW6kswHdM0gcRMopggPIvQ	15	0.932848274796	0.0715118564058
388	389	A-8LzPyBP-g	123.457	UCxW6kswHdM0gcRMopggPIvQ	15	0.979934356366	0.0715118564058
382	383	BKEjp06wIbk	146.246	UCxW6kswHdM0gcRMopggPIvQ	15	1.0	0.0715118564058
392	393	PhchsyTzUZs	109.676	UCxW6kswHdM0gcRMopggPIvQ	15	1.0	0.0715118564058
401	402	W3NhtfktX08	150.917	UCxW6kswHdM0gcRMopggPIvQ	15	1.0	0.0715118564058
391	392	d216F8ZaikQ	276.71	UCxW6kswHdM0gcRMopggPIvQ	15	0.998210700814	0.0715118564058
389	390	eTy_4V_to24	67.434	UCxW6kswHdM0gcRMopggPIvQ	15	0.981398375133	0.0715118564058
380	381	m3GkYIwdrIk	103.804	UCxW6kswHdM0gcRMopggPIvQ	15	0.970925473261	0.0715118564058
410	411	sMdA3cyoWlk	120.62	UCxW6kswHdM0gcRMopggPIvQ	15	1.0	0.0715118564058
412	413	sMdA3cyoWlk	90.3236	UCxW6kswHdM0gcRMopggPIvQ	2	0.846345977355	0.175459379081
857	858	0-EKAyGQAkU	334.835	UCz09qEPPNLdP7BG3baywE8w	29	0.89159895933	0.111258754005
859	860	0-EKAyGQAkU	183.433	UCz09qEPPNLdP7BG3baywE8w	43	1.0	0.166355298796
873	874	6yevIMoxB2Y	10.9276	UCz09qEPPNLdP7BG3baywE8w	18	0.743052130679	0.073884145998
876	877	6yevIMoxB2Y	59.1007	UCz09qEPPNLdP7BG3baywE8w	29	0.831866683632	0.111258754005
854	855	93n6AonDivk	2.5025	UCz09qEPPNLdP7BG3baywE8w	29	1.0	0.111258754005
855	856	93n6AonDivk	26.4014	UCz09qEPPNLdP7BG3baywE8w	29	1.0	0.111258754005
856	857	93n6AonDivk	2.002	UCz09qEPPNLdP7BG3baywE8w	29	0.886526248033	0.111258754005
865	866	FvMqJWxVxSw	262.471	UCz09qEPPNLdP7BG3baywE8w	29	1.0	0.111258754005
882	883	Li9GKLVS0so	454.287	UCz09qEPPNLdP7BG3baywE8w	29	0.983010667361	0.111258754005
883	884	LjUNkkeQWu0	232.607	UCz09qEPPNLdP7BG3baywE8w	29	0.879604183385	0.111258754005
884	885	LjUNkkeQWu0	91.0076	UCz09qEPPNLdP7BG3baywE8w	29	0.830220820337	0.111258754005
871	872	LwZmsZ2Q1Nc	231.698	UCz09qEPPNLdP7BG3baywE8w	29	0.903218041416	0.111258754005
879	880	QadW6q78gaU	237.938	UCz09qEPPNLdP7BG3baywE8w	29	0.931028097686	0.111258754005
880	881	U2gTp_Tpn-A	443.276	UCz09qEPPNLdP7BG3baywE8w	29	0.869140955817	0.111258754005
881	882	U2gTp_Tpn-A	35.3687	UCz09qEPPNLdP7BG3baywE8w	29	0.769053465153	0.111258754005
893	894	WOAgVf-pUeg	355.388	UCz09qEPPNLdP7BG3baywE8w	29	0.972138127167	0.111258754005
890	891	ZtqfcL1FFPo	589.089	UCz09qEPPNLdP7BG3baywE8w	29	1.0	0.111258754005
892	893	ZtqfcL1FFPo	53.0947	UCz09qEPPNLdP7BG3baywE8w	43	1.0	0.166355298796
851	852	_gjGXK2j1DI	300.884	UCz09qEPPNLdP7BG3baywE8w	29	0.906743085306	0.111258754005
852	853	a4ipSBb9Ijk	60.3603	UCz09qEPPNLdP7BG3baywE8w	29	0.833640070129	0.111258754005
862	863	c-Qag2F1cMU	245.787	UCz09qEPPNLdP7BG3baywE8w	29	0.929339793559	0.111258754005
863	864	dpMkpZf0VHk	365.699	UCz09qEPPNLdP7BG3baywE8w	29	0.78356956328	0.111258754005
860	861	g9rpw933se4	208.708	UCz09qEPPNLdP7BG3baywE8w	29	0.975997002368	0.111258754005
861	862	g9rpw933se4	13.8138	UCz09qEPPNLdP7BG3baywE8w	29	0.772305175312	0.111258754005
877	878	hpkDgjBSk60	393.059	UCz09qEPPNLdP7BG3baywE8w	29	0.929377435805	0.111258754005
867	868	i3b7uhby5YI	323.256	UCz09qEPPNLdP7BG3baywE8w	29	0.948970797274	0.111258754005
869	870	lIsX1CpLJ5M	191.024	UCz09qEPPNLdP7BG3baywE8w	29	0.897600096225	0.111258754005
870	871	lIsX1CpLJ5M	36.9953	UCz09qEPPNLdP7BG3baywE8w	43	1.0	0.166355298796
885	886	vcJwSlpK2jY	161.595	UCz09qEPPNLdP7BG3baywE8w	29	0.952027856732	0.111258754005
886	887	vcJwSlpK2jY	232.999	UCz09qEPPNLdP7BG3baywE8w	29	0.753913066082	0.111258754005
887	888	xoKrrOvP9q4	498.581	UCz09qEPPNLdP7BG3baywE8w	29	0.91472070941	0.111258754005
888	889	ylujGWUJtDk	328.286	UCz09qEPPNLdP7BG3baywE8w	29	0.935726668088	0.111258754005
